1000

-4.50002 -4.50082 -4.49982
-3.5 -4.50057 -4.49939
-2.49949 -4.4991 -4.50074
-1.5 -4.49978 -4.50082
-0.499599 -4.49991 -4.50002
0.500839 -4.50032 -4.4995
1.5 -4.50002 -4.50079
2.49911 -4.49967 -4.4991
3.50095 -4.49993 -4.50002
4.50037 -4.5 -4.50002
-4.50099 -3.49915 -4.49948
-3.5 -3.5 -4.50006
-2.50093 -3.49928 -4.49928
-1.50035 -3.5 -4.5009
-0.49967 -3.50089 -4.49933
0.499411 -3.49914 -4.50002
1.5 -3.50091 -4.50023
2.50092 -3.49912 -4.49959
3.49972 -3.5 -4.50002
4.5003 -3.50042 -4.50002
-4.50002 -2.50076 -4.50095
-3.50038 -2.50037 -4.50025
-2.49976 -2.50073 -4.50002
-1.49925 -2.5 -4.4995
-0.50024 -2.50073 -4.50002
0.5 -2.50013 -4.49994
1.5002 -2.5 -4.49926
2.50016 -2.5 -4.50002
3.50005 -2.50007 -4.49909
4.49984 -2.49961 -4.50084
-4.50002 -1.49955 -4.49992
-3.50076 -1.49901 -4.49914
-2.50063 -1.49925 -4.50094
-1.50083 -1.49926 -4.50002
-0.499503 -1.49917 -4.50002
0.499752 -1.50023 -4.4997
1.50023 -1.50063 -4.49937
2.5 -1.5 -4.4999
3.50059 -1.50045 -4.50087
4.50002 -1.5006 -4.49979
-4.49954 -0.499695 -4.50002
-3.5 -0.499304 -4.50066
-2.5 -0.5 -4.50035
-1.5 -0.500685 -4.49976
-0.500088 -0.499123 -4.50011
0.499638 -0.499407 -4.50031
1.50029 -0.50019 -4.50002
2.5 -0.5 -4.50002
3.5007 -0.500686 -4.50002
4.50094 -0.499796 -4.49947
-4.50002 0.499126 -4.5006
-3.50027 0.5 -4.49917
-2.5 0.499316 -4.49988
-1.50049 0.499276 -4.50002
-0.5 0.50036 -4.50095
0.5 0.500818 -4.49968
1.50066 0.499741 -4.50009
2.5 0.500288 -4.50011
3.5 0.500265 -4.50002
4.50018 0.5 -4.49981
-4.49959 1.49961 -4.49969
-3.50064 1.49966 -4.49988
-2.49999 1.49923 -4.50013
-1.5 1.50045 -4.50002
-0.499526 1.50009 -4.50002
0.499343 1.5 -4.50002
1.50078 1.49956 -4.50061
2.5 1.49964 -4.50091
3.5 1.49947 -4.50002
4.49919 1.5 -4.49985
-4.49979 2.49971 -4.49914
-3.5 2.49996 -4.49924
-2.50084 2.50022 -4.50002
-1.50067 2.5 -4.49962
-0.500434 2.50039 -4.49986
0.5 2.50038 -4.50002
1.50065 2.49908 -4.49921
2.50031 2.5 -4.49917
3.5 2.4996 -4.50074
4.50002 2.50003 -4.49933
-4.50064 3.5 -4.50001
-3.49974 3.49914 -4.49968
-2.50088 3.49969 -4.5002
-1.4995 3.50067 -4.50021
-0.500706 3.49945 -4.50095
0.500927 3.50093 -4.50057
1.5 3.50059 -4.50101
2.50032 3.5 -4.50078
3.5 3.4994 -4.50019
4.50089 3.49934 -4.49941
-4.50002 4.50017 -4.50005
-3.49948 4.4995 -4.49953
-2.50005 4.5004 -4.49957
-1.50041 4.50002 -4.50002
-0.499187 4.49957 -4.50002
0.499926 4.50062 -4.4998
1.5 4.50048 -4.50087
2.5 4.49925 -4.50056
3.49952 4.50049 -4.49905
4.49956 4.50002 -4.50028
-4.50002 -4.50002 -3.49944
-3.5 -4.50002 -3.50092
-2.50061 -4.49991 -3.4998
-1.49941 -4.50002 -3.5
-0.500243 -4.49967 -3.50092
0.500771 -4.50002 -3.5
1.4992 -4.49905 -3.49971
2.49963 -4.50077 -3.5
3.49988 -4.49939 -3.50092
4.5003 -4.50022 -3.50018
-4.49979 -3.49999 -3.50012
-3.50065 -3.4999 -3.49993
-2.5 -3.49971 -3.5
-1.50019 -3.50043 -3.49925
-0.499002 -3.50052 -3.5
0.499672 -3.49935 -3.49995
1.5008 -3.50068 -3.49969
2.5003 -3.50019 -3.49995
3.5 -3.5 -3.5
4.49907 -3.49907 -3.5
-4.49985 -2.5 -3.50093
-3.49942 -2.50023 -3.5
-2.50002 -2.49965 -3.50052
-1.50031 -2.50065 -3.5
-0.5 -2.5 -3.50068
0.5 -2.4994 -3.50067
1.49915 -2.49974 -3.5
2.50061 -2.5 -3.50074
3.49964 -2.5 -3.49951
4.49931 -2.5 -3.5
-4.5005 -1.50004 -3.50024
-3.5 -1.49904 -3.49983
-2.5 -1.50001 -3.49926
-1.5 -1.5 -3.5001
-0.500239 -1.5001 -3.5
0.499062 -1.4999 -3.5
1.50069 -1.50043 -3.5
2.49987 -1.50038 -3.50066
3.49912 -1.50021 -3.50053
4.50096 -1.5 -3.5
-4.50023 -0.49984 -3.49957
-3.50065 -0.500462 -3.49922
-2.5 -0.499133 -3.5
-1.50018 -0.49989 -3.5006
-0.5007 -0.499593 -3.5
0.500222 -0.499626 -3.5001
1.5 -0.5 -3.5
2.49936 -0.500625 -3.5
3.5 -0.5006 -3.50014
4.49924 -0.5 -3.5
-4.50012 0.499898 -3.5
-3.50029 0.5 -3.49949
-2.50094 0.499705 -3.5
-1.50023 0.499371 -3.49919
-0.499972 0.500618 -3.49922
0.499923 0.499827 -3.5
1.50038 0.499899 -3.50087
2.4999 0.49925 -3.50037
3.50027 0.499932 -3.49957
4.49934 0.499528 -3.49977
-4.5006 1.5 -3.5
-3.50019 1.49987 -3.5
-2.4991 1.49919 -3.49931
-1.50004 1.5 -3.49914
-0.499006 1.5 -3.5
0.499288 1.50019 -3.49984
1.5 1.49947 -3.49936
2.5 1.49999 -3.49981
3.50044 1.50065 -3.5
4.49959 1.50005 -3.49919
-4.501 2.49972 -3.50036
-3.49915 2.5 -3.49986
-2.4999 2.49903 -3.50087
-1.5 2.4996 -3.5
-0.49903 2.50009 -3.5
0.500899 2.49958 -3.50022
1.5 2.50046 -3.50046
2.50084 2.5002 -3.49933
3.5 2.50038 -3.49907
4.49992 2.50088 -3.5
-4.50011 3.5 -3.49999
-3.5 3.50026 -3.5
-2.49965 3.50028 -3.50067
-1.49938 3.5 -3.5
-0.5 3.49973 -3.49971
0.49927 3.50001 -3.5
1.50089 3.49936 -3.5
2.5 3.50055 -3.50083
3.5 3.5 -3.50046
4.49911 3.5 -3.50019
-4.49966 4.50065 -3.50062
-3.5 4.50071 -3.5
-2.49931 4.50002 -3.5
-1.5 4.5002 -3.50033
-0.500182 4.50004 -3.50042
0.5 4.50002 -3.50014
1.5 4.50027 -3.5
2.50084 4.50002 -3.49952
3.5 4.5009 -3.49973
4.5003 4.49956 -3.49941
-4.49951 -4.50067 -2.50098
-3.50039 -4.50034 -2.50074
-2.5 -4.50012 -2.49968
-1.49996 -4.4995 -2.49957
-0.5 -4.49979 -2.49999
0.500473 -4.50081 -2.5
1.50093 -4.50031 -2.50019
2.49989 -4.4994 -2.49932
3.49921 -4.50002 -2.49935
4.49993 -4.50002 -2.50038
-4.49988 -3.50039 -2.49902
-3.49929 -3.5 -2.5
-2.49997 -3.5 -2.5
-1.49941 -3.49956 -2.5
-0.5 -3.50086 -2.49901
0.500195 -3.5001 -2.49994
1.49986 -3.49901 -2.50077
2.5 -3.5 -2.49955
3.50031 -3.5 -2.5
4.50002 -3.50039 -2.50015
-4.49908 -2.49949 -2.50093
-3.49988 -2.49966 -2.49968
-2.5 -2.49909 -2.49951
-1.5 -2.49961 -2.49945
-0.5 -2.49944 -2.5
0.499779 -2.50004 -2.50005
1.5003 -2.5 -2.50028
2.50074 -2.5 -2.5
3.5 -2.5 -2.49952
4.50015 -2.50046 -2.5
-4.49962 -1.5 -2.49928
-3.5 -1.5 -2.50065
-2.5 -1.50057 -2.50003
-1.49921 -1.50054 -2.49957
-0.5 -1.5 -2.5
0.5 -1.49929 -2.5
1.5 -1.49956 -2.5
2.5 -1.50047 -2.4992
3.49936 -1.50054 -2.49907
4.49982 -1.49946 -2.49979
-4.49916 -0.500443 -2.49945
-3.5 -0.5 -2.50032
-2.5 -0.5 -2.49953
-1.5005 -0.499876 -2.49972
-0.499979 -0.5 -2.49938
0.499649 -0.499784 -2.5
1.49967 -0.500822 -2.49952
2.5 -0.5 -2.49901
3.49942 -0.499661 -2.5
4.50002 -0.5 -2.50012
-4.50002 0.499788 -2.5
-3.50073 0.499686 -2.49905
-2.50069 0.500793 -2.5
-1.5 0.500279 -2.49939
-0.500639 0.49962 -2.50051
0.5 0.5 -2.50022
1.50094 0.500826 -2.5
2.50005 0.5 -2.5
3.50063 0.500283 -2.49968
4.49929 0.5 -2.5007
-4.50002 1.49999 -2.5
-3.50081 1.50017 -2.50005
-2.50041 1.5 -2.50094
-1.49916 1.5 -2.49952
-0.500015 1.50004 -2.49968
0.5 1.5 -2.49949
1.49973 1.5 -2.5
2.5 1.50068 -2.5
3.49961 1.4998 -2.50081
4.49979 1.5 -2.49991
-4.50001 2.49985 -2.50016
-3.5 2.49902 -2.49914
-2.5 2.49967 -2.5
-1.50006 2.5 -2.5
-0.5 2.5 -2.5
0.500044 2.5007 -2.50082
1.50085 2.50029 -2.49935
2.50078 2.5001 -2.5
3.4997 2.50025 -2.50016
4.50002 2.49968 -2.50093
-4.49912 3.49985 -2.49983
-3.49954 3.49955 -2.50085
-2.5 3.50051 -2.5
-1.49902 3.49974 -2.5002
-0.5 3.50053 -2.5
0.5 3.50044 -2.50084
1.49941 3.49938 -2.5
2.5 3.5 -2.50093
3.50099 3.5 -2.5
4.49933 3.50012 -2.49973
-4.49934 4.50002 -2.5
-3.5 4.50086 -2.5
-2.50079 4.50002 -2.5
-1.5 4.50067 -2.5
-0.499297 4.50002 -2.5009
0.499709 4.50086 -2.50069
1.5 4.50002 -2.5
2.49971 4.50019 -2.49958
3.49916 4.49938 -2.5
4.50031 4.49971 -2.49971
-4.49976 -4.49925 -1.49942
-3.5 -4.49915 -1.49947
-2.49953 -4.49989 -1.5
-1.5 -4.50071 -1.5
-0.5 -4.50002 -1.49931
0.5 -4.50079 -1.5
1.5 -4.5005 -1.49927
2.5 -4.50002 -1.49915
3.49931 -4.50054 -1.49941
4.49919 -4.49969 -1.50053
-4.50002 -3.49904 -1.50094
-3.49993 -3.5 -1.50091
-2.5 -3.50027 -1.50008
-1.49984 -3.50052 -1.49984
-0.5 -3.5 -1.5
0.500798 -3.49911 -1.49962
1.5 -3.50032 -1.499
2.50016 -3.5 -1.49903
3.5 -3.5 -1.49919
4.50002 -3.49984 -1.5
-4.50074 -2.5 -1.5
-3.50044 -2.5004 -1.50046
-2.5 -2.50096 -1.49995
-1.5 -2.50007 -1.50065
-0.5 -2.50015 -1.49949
0.499323 -2.49995 -1.5
1.4998 -2.5 -1.5
2.5 -2.50011 -1.49975
3.5 -2.50075 -1.49987
4.50002 -2.50022 -1.50053
-4.50021 -1.5 -1.50045
-3.50089 -1.5 -1.5
-2.5 -1.5 -1.5
-1.5 -1.49982 -1.5
-0.5 -1.5 -1.50088
0.500784 -1.5 -1.5003
1.49944 -1.49912 -1.50012
2.49915 -1.49964 -1.49995
3.5 -1.50064 -1.50015
4.5001 -1.49943 -1.5
-4.50002 -0.5 -1.5
-3.50074 -0.499981 -1.5008
-2.49925 -0.499332 -1.5
-1.50066 -0.500442 -1.50011
-0.5 -0.500575 -1.49967
0.5 -0.499577 -1.5
1.49966 -0.499881 -1.50092
2.5005 -0.5 -1.5
3.50088 -0.499344 -1.5
4.4991 -0.500968 -1.5
-4.49992 0.5 -1.5
-3.5 0.499797 -1.49949
-2.49944 0.499199 -1.50018
-1.5 0.5 -1.50039
-0.5 0.500498 -1.4992
0.500141 0.49993 -1.5
1.5 0.5 -1.49942
2.50073 0.500558 -1.50027
3.49989 0.5008 -1.50082
4.50002 0.500494 -1.5
-4.50002 1.5002 -1.50016
-3.49986 1.49942 -1.5
-2.5 1.5003 -1.50041
-1.50002 1.50028 -1.50066
-0.5 1.50079 -1.50098
0.5 1.49901 -1.5
1.49937 1.50071 -1.49926
2.5 1.5 -1.5
3.50024 1.50067 -1.49943
4.50002 1.49911 -1.49994
-4.4993 2.50003 -1.49915
-3.50085 2.50002 -1.5
-2.50042 2.50022 -1.49927
-1.50032 2.5007 -1.49951
-0.499682 2.50083 -1.5005
0.499921 2.49925 -1.50093
1.49943 2.50009 -1.50035
2.5 2.5 -1.50094
3.50051 2.50055 -1.49975
4.50002 2.5 -1.5
-4.50002 3.5 -1.50097
-3.5 3.50057 -1.49987
-2.50043 3.5 -1.50004
-1.5 3.49911 -1.5
-0.5 3.50071 -1.49944
0.5 3.49965 -1.5
1.50085 3.49913 -1.49906
2.5 3.50048 -1.49935
3.50065 3.49992 -1.4991
4.49933 3.5 -1.5
-4.50091 4.49959 -1.5
-3.50056 4.50002 -1.50042
-2.5 4.50077 -1.50078
-1.5 4.50093 -1.5
-0.5 4.50002 -1.49995
0.500113 4.49989 -1.49982
1.49931 4.50002 -1.49984
2.5005 4.50047 -1.49952
3.5 4.50069 -1.4996
4.50002 4.50002 -1.4998
-4.50057 -4.49972 -0.500853
-3.49904 -4.50023 -0.499334
-2.50094 -4.50096 -0.499572
-1.49937 -4.50034 -0.500659
-0.500943 -4.49956 -0.499447
0.5 -4.501 -0.5
1.49962 -4.50002 -0.49903
2.5 -4.50002 -0.5
3.5 -4.49929 -0.500223
4.49967 -4.4996 -0.5
-4.50002 -3.49993 -0.5
-3.50028 -3.50058 -0.5
-2.5 -3.50046 -0.499256
-1.49947 -3.5 -0.5
-0.500637 -3.5 -0.499128
0.500029 -3.50051 -0.500804
1.50095 -3.49925 -0.5
2.49991 -3.49952 -0.5
3.50031 -3.50029 -0.500113
4.50092 -3.5 -0.499193
-4.50049 -2.5 -0.500938
-3.50042 -2.50017 -0.5
-2.5 -2.50034 -0.500075
-1.50051 -2.50053 -0.500383
-0.5 -2.5 -0.5
0.500772 -2.50004 -0.5
1.5 -2.49913 -0.5
2.4998 -2.49918 -0.5
3.50022 -2.49972 -0.5
4.50002 -2.5 -0.5
-4.50002 -1.50095 -0.5
-3.50001 -1.50079 -0.499438
-2.5 -1.49982 -0.500308
-1.5 -1.5 -0.5
-0.500829 -1.50062 -0.50046
0.500995 -1.49995 -0.5
1.5006 -1.50047 -0.5
2.5 -1.5 -0.50052
3.49977 -1.5 -0.5
4.50002 -1.50057 -0.500176
-4.50039 -0.49952 -0.5
-3.49939 -0.5 -0.500114
-2.5 -0.500344 -0.499739
-1.499 -0.5 -0.5
-0.5 -0.5 -0.500382
0.5 -0.500577 -0.500164
1.50056 -0.499591 -0.499146
2.50082 -0.50012 -0.5
3.5 -0.500866 -0.500479
4.49989 -0.499017 -0.499912
-4.49925 0.500114 -0.499202
-3.49996 0.5 -0.500365
-2.5 0.500868 -0.500353
-1.5 0.499416 -0.499321
-0.500355 0.499937 -0.499829
0.5 0.499646 -0.5
1.5 0.500508 -0.50076
2.49994 0.49994 -0.499187
3.50065 0.5 -0.5
4.49972 0.499716 -0.499692
-4.50002 1.49961 -0.5
-3.50002 1.49901 -0.49993
-2.5 1.5 -0.499951
-1.5 1.50057 -0.5
-0.5 1.49985 -0.5
0.499118 1.5 -0.500975
1.5 1.50022 -0.499477
2.5 1.49958 -0.5
3.5 1.50016 -0.500927
4.50002 1.5 -0.5
-4.50002 2.50003 -0.500654
-3.50061 2.5 -0.5
-2.49988 2.5 -0.500417
-1.5 2.50009 -0.499083
-0.500269 2.50009 -0.5
0.499473 2.49904 -0.500661
1.5 2.49978 -0.500103
2.4999 2.50002 -0.499235
3.5 2.49969 -0.500939
4.49952 2.49963 -0.499192
-4.50019 3.49976 -0.499103
-3.5 3.50017 -0.5
-2.5 3.5 -0.5
-1.49981 3.49997 -0.499436
-0.499262 3.50018 -0.500656
0.5 3.49968 -0.499032
1.5 3.49931 -0.5
2.49944 3.50088 -0.5
3.49968 3.5 -0.500899
4.50034 3.5 -0.500745
-4.50051 4.50079 -0.499037
-3.5 4.50002 -0.5
-2.49955 4.50002 -0.500001
-1.4991 4.50002 -0.499328
-0.5 4.50074 -0.500494
0.500008 4.50002 -0.50079
1.50052 4.49976 -0.499462
2.50014 4.5006 -0.5
3.50053 4.50092 -0.5
4.50002 4.49945 -0.499386
-4.50003 -4.49998 0.500403
-3.5 -4.50002 0.5
-2.49971 -4.49984 0.500789
-1.50044 -4.50002 0.50005
-0.5 -4.49999 0.500408
0.499462 -4.49976 0.500643
1.5 -4.50061 0.5
2.49976 -4.49947 0.5
3.5 -4.50068 0.50062
4.5001 -4.5006 0.5
-4.49928 -3.5 0.5
-3.5 -3.50009 0.500589
-2.49925 -3.49925 0.499756
-1.49936 -3.5 0.500751
-0.500022 -3.5 0.500932
0.499409 -3.5 0.500671
1.50005 -3.50024 0.5
2.50092 -3.50066 0.499359
3.5 -3.49995 0.5
4.49944 -3.5 0.5
-4.50064 -2.50023 0.499194
-3.5009 -2.49976 0.5
-2.5 -2.5 0.499415
-1.49947 -2.49991 0.500931
-0.5 -2.5 0.5
0.5 -2.5 0.499087
1.50072 -2.5 0.499049
2.50079 -2.5009 0.5
3.5 -2.49968 0.5
4.4995 -2.50076 0.499929
-4.50002 -1.49942 0.5
-3.49926 -1.5 0.500153
-2.4993 -1.49983 0.5
-1.50009 -1.5 0.5
-0.499352 -1.5 0.5
0.5 -1.5 0.5
1.49967 -1.50091 0.5
2.5 -1.499 0.500523
3.49922 -1.5 0.499989
4.49996 -1.49996 0.499936
-4.49985 -0.501 0.500169
-3.50013 -0.5 0.500136
-2.5 -0.499575 0.500084
-1.49901 -0.5 0.500453
-0.5 -0.499773 0.499913
0.5 -0.5 0.5
1.49979 -0.500287 0.499155
2.49901 -0.499553 0.49996
3.5 -0.499602 0.5
4.5005 -0.5 0.500685
-4.50002 0.500706 0.500576
-3.49959 0.500187 0.5
-2.50012 0.500974 0.50067
-1.50009 0.49996 0.5
-0.5 0.49931 0.499858
0.50015 0.500506 0.499238
1.49976 0.499131 0.5
2.5 0.5 0.499463
3.5 0.500098 0.499878
4.50002 0.500474 0.499833
-4.49988 1.50076 0.500173
-3.50073 1.50069 0.5
-2.50074 1.49948 0.5
-1.5 1.50069 0.500643
-0.5 1.50028 0.500481
0.500438 1.5 0.5
1.50072 1.5 0.49941
2.5 1.5 0.5
3.49947 1.50034 0.5
4.50002 1.4993 0.500144
-4.50077 2.5008 0.5
-3.5 2.50006 0.5
-2.5 2.50098 0.5
-1.49939 2.5 0.499926
-0.499062 2.50041 0.499586
0.500824 2.5 0.499324
1.5007 2.5 0.5
2.5 2.50016 0.4997
3.50083 2.49966 0.499138
4.49998 2.49948 0.49956
-4.50102 3.5001 0.499108
-3.5 3.5 0.499652
-2.50077 3.5 0.500149
-1.50042 3.49911 0.500928
-0.5 3.5 0.500406
0.499376 3.49975 0.499463
1.5 3.49927 0.499957
2.5002 3.49916 0.499256
3.49914 3.50097 0.499083
4.49953 3.50086 0.499225
-4.50005 4.50069 0.499878
-3.5 4.49923 0.500019
-2.5 4.49937 0.499901
-1.5 4.50057 0.5
-0.499062 4.50057 0.500222
0.499934 4.50002 0.5
1.49906 4.49955 0.499891
2.49943 4.50073 0.500429
3.50061 4.49925 0.500538
4.50002 4.50002 0.5
-4.50053 -4.4999 1.49992
-3.5 -4.50061 1.49925
-2.49994 -4.50007 1.5
-1.5 -4.50002 1.5003
-0.5 -4.50101 1.50011
0.500322 -4.50002 1.50086
1.49992 -4.50072 1.49948
2.5 -4.49924 1.49966
3.50091 -4.50047 1.50026
4.50002 -4.50002 1.50052
-4.49935 -3.5004 1.49972
-3.5 -3.49979 1.50004
-2.50012 -3.4997 1.49915
-1.5 -3.49944 1.5
-0.499591 -3.4991 1.5
0.500866 -3.50027 1.50039
1.50053 -3.49908 1.50001
2.50047 -3.49962 1.49997
3.49958 -3.5 1.5009
4.49922 -3.50071 1.50039
-4.50002 -2.49972 1.49947
-3.5 -2.50002 1.5008
-2.49918 -2.5 1.49995
-1.5 -2.50044 1.49955
-0.49991 -2.5 1.49905
0.500962 -2.5 1.49955
1.5 -2.49913 1.5
2.50097 -2.49905 1.50028
3.5 -2.49953 1.49984
4.50013 -2.49984 1.49995
-4.50081 -1.50018 1.49974
-3.50089 -1.5 1.49989
-2.49956 -1.5 1.49977
-1.5 -1.50037 1.5
-0.499232 -1.49922 1.49977
0.49996 -1.5 1.4999
1.50085 -1.49972 1.49924
2.49984 -1.50048 1.50058
3.5 -1.49971 1.50082
4.50002 -1.50012 1.50052
-4.49934 -0.5 1.5
-3.49936 -0.50045 1.5
-2.5 -0.499597 1.5
-1.5 -0.500951 1.5
-0.500452 -0.49964 1.50075
0.5 -0.50044 1.50096
1.50073 -0.5 1.50052
2.50039 -0.500989 1.50064
3.5 -0.499518 1.5
4.50002 -0.5 1.5
-4.50002 0.500426 1.5
-3.50039 0.5 1.5
-2.49943 0.500359 1.50025
-1.49928 0.5 1.50075
-0.499467 0.499446 1.4999
0.500772 0.499562 1.49999
1.50059 0.499499 1.50064
2.49991 0.499966 1.5
3.50046 0.5 1.5
4.50002 0.499704 1.5
-4.50002 1.49977 1.5
-3.5 1.50065 1.49987
-2.49903 1.4995 1.50068
-1.50029 1.50075 1.49924
-0.5 1.5 1.49918
0.500336 1.5 1.5
1.50081 1.49906 1.50025
2.49926 1.5 1.50022
3.5 1.50012 1.5001
4.50002 1.50039 1.50068
-4.50101 2.49911 1.49942
-3.5 2.5 1.50085
-2.49921 2.49983 1.49917
-1.5 2.4991 1.49942
-0.5 2.5 1.50061
0.50068 2.49957 1.5
1.5 2.49959 1.49948
2.50009 2.5 1.5
3.49934 2.5 1.5
4.49946 2.5 1.4998
-4.50072 3.50005 1.49955
-3.49985 3.5 1.50001
-2.5 3.50067 1.5
-1.50032 3.5 1.49941
-0.5 3.5 1.49957
0.499802 3.49997 1.50027
1.50031 3.50035 1.50097
2.5 3.49953 1.5
3.5 3.50086 1.49993
4.49997 3.50059 1.49929
-4.50002 4.50016 1.49984
-3.49934 4.50002 1.49938
-2.5 4.50002 1.50034
-1.50068 4.50002 1.50044
-0.5 4.50081 1.50049
0.500595 4.49961 1.50083
1.50015 4.50002 1.49949
2.5 4.49923 1.49926
3.49963 4.49928 1.5
4.50098 4.49935 1.5
-4.49977 -4.49921 2.5
-3.50022 -4.50002 2.50001
-2.5 -4.49948 2.5
-1.5 -4.50073 2.5
-0.499272 -4.49937 2.49965
0.50056 -4.50002 2.50026
1.49999 -4.49978 2.5
2.5 -4.50005 2.49971
3.5 -4.50002 2.49935
4.50002 -4.49909 2.50077
-4.50002 -3.50089 2.5
-3.50038 -3.50063 2.49915
-2.49913 -3.49903 2.50098
-1.49993 -3.5 2.50093
-0.5 -3.49962 2.5
0.5 -3.49952 2.50062
1.5 -3.49911 2.50062
2.5 -3.5 2.50038
3.5 -3.49904 2.5
4.50095 -3.49918 2.5
-4.50047 -2.49914 2.49913
-3.50011 -2.5 2.50023
-2.50074 -2.50059 2.5
-1.50048 -2.5 2.49961
-0.500328 -2.49903 2.49938
0.499429 -2.5 2.49999
1.5 -2.49991 2.5
2.5005 -2.5 2.49903
3.49994 -2.49976 2.5009
4.50002 -2.50095 2.5
-4.50002 -1.5 2.50038
-3.49971 -1.5 2.50069
-2.5 -1.5 2.49972
-1.50038 -1.50016 2.5
-0.5 -1.50028 2.5
0.500761 -1.5006 2.49905
1.50006 -1.49972 2.50061
2.5 -1.5 2.5009
3.50016 -1.5 2.49911
4.49964 -1.5 2.49967
-4.50033 -0.500163 2.5005
-3.49911 -0.5 2.50038
-2.50013 -0.500252 2.5
-1.49928 -0.499574 2.50002
-0.500082 -0.499543 2.50005
0.5 -0.5 2.50027
1.49945 -0.499069 2.49968
2.5 -0.499586 2.50075
3.5 -0.499334 2.5
4.49903 -0.500081 2.5
-4.50002 0.500485 2.50042
-3.50049 0.500909 2.49914
-2.5 0.499306 2.5
-1.49989 0.5 2.4993
-0.5 0.5 2.5
0.5 0.499415 2.50046
1.50091 0.49903 2.49963
2.49995 0.499467 2.49975
3.5 0.499646 2.49987
4.50101 0.500732 2.49986
-4.50002 1.5 2.5
-3.49988 1.5 2.49931
-2.5 1.4999 2.50049
-1.49922 1.50071 2.49921
-0.500183 1.5 2.4993
0.5 1.50038 2.5
1.50066 1.5 2.49944
2.5 1.49934 2.49906
3.50073 1.5 2.50085
4.50002 1.50039 2.49905
-4.50029 2.50032 2.4993
-3.499 2.50014 2.5
-2.5 2.50018 2.49969
-1.50094 2.49916 2.5
-0.499616 2.50072 2.49955
0.500865 2.49962 2.49963
1.50085 2.5 2.50059
2.50069 2.49997 2.49948
3.49901 2.50038 2.5
4.49951 2.50059 2.49961
-4.49913 3.50075 2.49956
-3.5 3.5 2.5
-2.49911 3.50082 2.50085
-1.50025 3.5008 2.5
-0.499524 3.49936 2.49959
0.5 3.5 2.5
1.49902 3.5 2.50073
2.49943 3.5 2.49947
3.50073 3.50097 2.49958
4.50002 3.49917 2.49904
-4.50023 4.50002 2.5
-3.5 4.49997 2.50038
-2.50051 4.50041 2.49965
-1.5 4.50002 2.5006
-0.50053 4.5 2.49966
0.5 4.50002 2.5
1.49972 4.49917 2.49952
2.50011 4.49984 2.5
3.49957 4.50061 2.50057
4.50029 4.50002 2.49954
-4.49975 -4.50027 3.49978
-3.5 -4.50002 3.49916
-2.50032 -4.49999 3.50044
-1.49999 -4.50002 3.49999
-0.4992 -4.50016 3.50057
0.500839 -4.50069 3.49986
1.5 -4.49962 3.49951
2.50098 -4.50002 3.5003
3.5 -4.5005 3.50091
4.50035 -4.50079 3.50086
-4.50002 -3.5 3.50079
-3.50064 -3.50071 3.50012
-2.49972 -3.50001 3.4999
-1.50007 -3.49938 3.49981
-0.5 -3.5 3.50099
0.500156 -3.5 3.49918
1.50065 -3.49922 3.49949
2.50057 -3.5 3.5
3.4991 -3.50001 3.49914
4.49997 -3.50071 3.50071
-4.50043 -2.49923 3.49979
-3.50084 -2.5 3.49977
-2.49948 -2.49965 3.5
-1.5 -2.5 3.5008
-0.500827 -2.50064 3.5
0.499767 -2.49977 3.4992
1.50059 -2.49971 3.5
2.5 -2.5 3.5003
3.49985 -2.49902 3.49944
4.49924 -2.49938 3.49907
-4.49925 -1.5 3.50016
-3.49957 -1.49924 3.4996
-2.5 -1.50079 3.5
-1.5 -1.5 3.50035
-0.500011 -1.50098 3.49945
0.499593 -1.49994 3.49968
1.5 -1.50098 3.50048
2.49935 -1.50099 3.5
3.50054 -1.50049 3.49924
4.50016 -1.50098 3.5
-4.50002 -0.499159 3.50056
-3.5003 -0.500912 3.50007
-2.49934 -0.5 3.5
-1.50082 -0.499097 3.5
-0.5 -0.5 3.49948
0.5 -0.499339 3.49937
1.50067 -0.499351 3.5
2.49903 -0.499568 3.5
3.49955 -0.499711 3.49934
4.50002 -0.500945 3.50097
-4.50032 0.500011 3.50014
-3.49982 0.499431 3.5
-2.49946 0.499353 3.49957
-1.49943 0.5 3.50023
-0.5 0.500995 3.49929
0.500814 0.499398 3.5
1.49954 0.500558 3.5
2.5 0.5 3.5005
3.5 0.500623 3.5
4.49972 0.5 3.5
-4.50002 1.49918 3.5
-3.5 1.49906 3.5
-2.5 1.49956 3.49991
-1.50017 1.50001 3.49916
-0.49935 1.5 3.5
0.499433 1.5 3.50056
1.49983 1.49945 3.50034
2.49997 1.50099 3.50089
3.50041 1.50079 3.5
4.49965 1.5 3.49974
-4.50002 2.49909 3.49979
-3.50081 2.5 3.50049
-2.49927 2.50045 3.5
-1.49919 2.49961 3.49917
-0.499776 2.5 3.50084
0.500207 2.49917 3.50048
1.5 2.5 3.5
2.49976 2.5 3.49988
3.50002 2.5 3.50053
4.49936 2.5 3.50074
-4.50002 3.5 3.50007
-3.50027 3.5 3.50091
-2.50061 3.50098 3.5
-1.49952 3.49997 3.50027
-0.499007 3.5 3.5
0.5 3.5 3.49902
1.50036 3.49926 3.49905
2.5 3.5 3.50059
3.50094 3.50048 3.5
4.50002 3.5 3.50025
-4.50091 4.50002 3.5
-3.5 4.49903 3.50022
-2.50035 4.49954 3.49907
-1.50077 4.50016 3.5
-0.500993 4.4991 3.49978
0.499328 4.50002 3.5
1.5 4.49952 3.50067
2.49993 4.50082 3.49984
3.5 4.50063 3.49982
4.50002 4.50002 3.5
-4.50041 -4.50002 4.49909
-3.50096 -4.50002 4.50002
-2.5 -4.50002 4.49917
-1.50071 -4.50094 4.50002
-0.50078 -4.49975 4.50078
0.50069 -4.4994 4.49948
1.50004 -4.50002 4.50097
2.5 -4.50021 4.50002
3.49921 -4.50053 4.50014
4.50002 -4.49972 4.50055
-4.50021 -3.49978 4.50002
-3.49962 -3.5 4.49972
-2.49909 -3.5 4.49992
-1.50013 -3.5 4.50002
-0.5 -3.5 4.49953
0.49923 -3.49902 4.49952
1.5 -3.50019 4.49911
2.49982 -3.50077 4.49911
3.5009 -3.49925 4.49934
4.49957 -3.50076 4.50081
-4.50002 -2.5 4.49948
-3.5005 -2.49969 4.50002
-2.50017 -2.50003 4.49909
-1.49919 -2.49903 4.49908
-0.500919 -2.5 4.50002
0.5 -2.5 4.49907
1.5 -2.5 4.50002
2.5 -2.49939 4.49976
3.4992 -2.49964 4.50066
4.49959 -2.49933 4.50026
-4.49933 -1.5 4.50004
-3.50041 -1.5 4.50095
-2.5 -1.49989 4.50064
-1.49937 -1.5 4.50021
-0.499714 -1.49936 4.50002
0.500698 -1.5 4.50027
1.5 -1.49962 4.501
2.49939 -1.49993 4.49944
3.49992 -1.49989 4.50022
4.49942 -1.50091 4.50002
-4.50012 -0.499835 4.49992
-3.5002 -0.500083 4.49995
-2.49911 -0.500539 4.49962
-1.50066 -0.49968 4.49902
-0.499932 -0.500008 4.50085
0.500672 -0.500599 4.50009
1.5 -0.49905 4.49917
2.4996 -0.5 4.49932
3.49994 -0.499431 4.50002
4.50002 -0.499839 4.49984
-4.50002 0.500924 4.5007
-3.50065 0.500267 4.49974
-2.50062 0.500851 4.50065
-1.49959 0.500907 4.50002
-0.499452 0.5 4.49915
0.5 0.499749 4.5002
1.5 0.5 4.49958
2.5 0.500841 4.49963
3.5 0.5 4.5008
4.50036 0.500173 4.49998
-4.50002 1.50026 4.50039
-3.49984 1.50028 4.50002
-2.4998 1.5 4.49929
-1.5005 1.49902 4.49957
-0.500872 1.5 4.50038
0.499919 1.50089 4.50058
1.50079 1.49975 4.50078
2.49921 1.5 4.49902
3.50077 1.49913 4.49986
4.4995 1.5 4.50002
-4.50002 2.5 4.50002
-3.50092 2.4999 4.49967
-2.5003 2.5 4.50075
-1.50004 2.49969 4.50026
-0.499773 2.50049 4.50041
0.5 2.49928 4.50085
1.49902 2.5005 4.50095
2.49906 2.49901 4.50055
3.5 2.50021 4.50002
4.49968 2.50023 4.50002
-4.50002 3.50078 4.49956
-3.50033 3.5 4.50054
-2.50067 3.5 4.4998
-1.5 3.5 4.50067
-0.500052 3.5 4.50002
0.5 3.50072 4.50033
1.50029 3.49938 4.50002
2.50097 3.50061 4.49922
3.5 3.4994 4.50079
4.50002 3.5 4.50012
-4.50002 4.49978 4.49935
-3.50091 4.50022 4.50002
-2.49932 4.50002 4.50002
-1.5 4.50002 4.49914
-0.500957 4.50002 4.50038
0.500231 4.50048 4.50002
1.49996 4.50002 4.49947
2.5 4.49969 4.50002
3.5 4.50002 4.50002
4.50002 4.50002 4.49954
