-37050.1
-37049
-36950.8
-37006.2
-37014.3
-37029
-37047.2
-37064.1
-37081.1
-37093
-37102.9
-37113.7
-37119.9
-37129.6
-37136.7
-37139.8
-37144.3
-37147.8
-37147.7
-37149.4
-37152.2
-37151.9
-37152.3
-37151.9
-37148.3
-37147.2
-37146.5
-37148.2
-37145.8
-37145.2
-37144
-37141.7
-37140.5
-37141.4
-37137.3
-37135.1
-37133.7
-37129.2
-37127.9
-37123.2
-37123.5
-37119.8
-37120.7
-37113
-37112.5
-37109.9
-37108.5
-37104.6
-37105.3
-37100.1
-37093.7
-37095.8
-37091.4
-37089.4
-37089
-37083.2
-37079.7
-37081.9
-37079.6
-37076.8
-37077.4
-37077.5
-37076.4
-37075.5
-37068
-37069.2
-37068.7
-37067.9
-37068.7
-37067.6
-37069.1
-37067.2
-37064.5
-37063.9
-37067.7
-37065.5
-37065.3
-37065
-37066.9
-37065.5
-37068.6
-37068.5
-37070.9
-37069.8
-37071.7
-37072.1
-37071.7
-37071.6
-37072
-37072.4
-37073.4
-37072.6
-37073.8
-37072.7
-37076.7
-37077.2
-37078.3
-37079.2
-37076.5
-37077.5
-37076
-37074.3
-37079.6
-37077.1
-37077.2
-37079.3
-37078.6
-37077.1
-37076.3
-37077.9
-37077.5
-37078.5
-37076.6
-37076.7
-37076.3
-37080.1
-37078.4
-37077.8
-37077.7
-37079.3
-37078.9
-37078.9
-37078.5
-37076
-37074.4
-37078.7
-37078.4
-37075.4
-37074.8
-37074.5
-37074.2
-37075.4
-37073.6
-37072.6
-37073.5
-37075.8
-37073
-37072.2
-37070
-37069.6
-37072.3
-37068.7
-37070.3
-37066.4
-37068.2
-37067.5
-37071.2
-37068.8
-37067.3
-37068.5
-37065.8
-37064.8
-37064.8
-37064.8
-37067.2
-37061.4
-37065.7
-37065.4
-37064.2
-37062.3
-37063.5
-37063.5
-37063
-37061.5
-37063.5
-37064.2
-37058.8
-37057.9
-37063
-37061.4
-37058.6
-37060.1
-37060.4
-37059.6
-37060.5
-37058.7
-37061.8
-37059.9
-37059.5
-37059.5
-37060.9
-37061.2
-37059.1
-37060.3
-37063.1
-37061.4
-37059.9
-37059
-37059.3
-37062.7
-37060.9
-37060.9
-37062.1
-37058.3
-37060.2
-37058.5
-37059.3
-37060.5
-37062.9
-37060.5
-37061.1
-37061
-37060.8
-37064.2
-37062.6
-37060.7
-37062.4
-37062.1
-37063.5
-37061.3
-37061.1
-37062.6
-37060.7
-37061.9
-37062.7
-37061.3
-37061.9
-37060
-37061
-37062.5
-37061.9
-37061
-37061.8
-37060.3
-37060.9
-37060.2
-37059.6
-37060
-37058.5
-37060.3
-37059.2
-37058.8
-37057.9
-37059.6
-37058.5
-37058.7
-37058.9
-37057.7
-37059.8
-37057.7
-37061.4
-37058.3
-37057.6
-37057.7
-37058.6
-37059.4
-37058.4
-37059.8
-37057.6
-37059
-37060.6
-37058.5
-37055.4
-37057.2
-37060.8
-37058.7
-37060.3
-37059.1
-37060.2
-37060
-37058.5
-37062.2
-37061.2
-37061.1
-37058.5
-37058.3
-37062.9
-37062.2
-37059.9
-37059.6
-37060.3
-37058.8
-37058.3
-37060.2
-37059.1
-37057.3
-37060.2
-37057.9
-37060.2
-37060.7
-37060
-37059.6
-37060.8
-37057.7
-37062.3
-37061.6
-37062.2
