3583.81
4992.37
12892.9
21319.5
20828.6
20409.1
19596.5
18798.8
17864
16973.9
16117.9
15378.5
14731.9
14074.8
13617.1
13215
12805.7
12506.5
12354.4
12195.9
12092.4
12013.9
12083.8
12050
12044.4
12042.8
12213.7
12208.8
12336.4
12407
12429.7
12558.3
12622.6
12593.8
12756.1
12862.1
12991.7
13079.4
13225.8
13360.7
13568.7
13606.2
13662.5
13876.4
13946.6
14115.5
14196.8
14282
14253.4
14430.6
14638.7
14617.7
14752.5
14829.1
14873.8
14757.5
15003.4
14920.2
15007.3
15046.5
15031.6
15206.2
15203.5
15302.4
15279.6
15371.1
15380.6
15320.4
15330.5
15317
15408.4
15374.6
15392.7
15285.2
15197.9
15134.1
15158.9
15099.8
15081.4
15113.9
14978.4
15081.5
14873.3
14942
14871.1
14865.5
14826.7
14902.7
14652.1
14690.3
14644.8
14677.7
14510.4
14578
14497.8
14409.5
14299.9
14337.8
14392.5
14276
14391.3
14241
14249.2
14229.4
14141.9
14118.7
14213.7
14186.1
14200.4
14126.6
14133.7
14078.6
13941.4
14045.2
14085
14058.5
13982.4
14104.6
14118.9
14003.8
14144.9
14012.4
14103.8
14119
14185.2
13958
14125
13974.4
14081
14272.6
14175.8
14113.8
14403.7
14297.3
14189.4
14189.2
14211.3
14340
14364.6
14405.3
14312.4
14375.4
14379.5
14418.9
14504.4
14325.3
14401.1
14578.9
14492.1
14512.4
14605.2
14634.4
14496.7
14645.2
14581.3
14596
14681.8
14634.2
14777.9
14721.4
14759.4
14679.9
14740.1
14730.5
14651.6
14635
14833.2
14694.6
14674.9
14692.9
14781.8
14705.2
14553.5
14714.9
14695.2
14793
14803.2
14628.3
14735
14745.7
14613.8
14640.2
14643.6
14640.6
14733.2
14641.3
14615.8
14605.5
14525.4
14569.2
14574.7
14596.9
14476.9
14706.7
14551.1
14570.8
14600
14534.2
14442.5
14529.3
14469.1
14489.8
14539.4
14502.6
14487.7
14492.6
14491.4
14412.1
14293.4
14418.4
14406.9
14395.2
14484.2
14388.7
14427.6
14460.2
14438.9
14451.3
14324.4
14414
14432
14299.4
14327.6
14388.5
14401.3
14409.5
14397.1
14530.8
14508.4
14409.5
14406.7
14491.8
14546.1
14385.5
14588.9
14446.1
14450.3
14434.9
14488.1
14467.4
14442.8
14396.9
14416.8
14299.7
14471.7
14535.2
14615.4
14460.5
14525.7
14451.9
14521.8
14533.5
14485.4
14513.5
14474.9
14438.3
14412.3
14511.4
14455.6
14451.8
14431.6
14393.2
14371.5
14271.7
14469.7
14478.4
14393.6
14311.6
14422.1
14434.4
14439.4
14379.2
14395.7
14434.8
14275.4
14264
14487.1
14418.5
14365.6
14490.2
14444.4
14258.8
14392.9
14482.6
14295.5
14392.2
14339.1
