52 1099 3492 8272 13044 20130 27173 34165 39852 45115 49131 55859 56647 57435 57226 55569 54449 50619 46280 43643 39512 36418 33397 28697 25751 23672 22240 19712 16861 15260 13512 12019 10272 9484 7888 6978 5538 4132 3672 2612 1966 1455 1229 937 718 625 361 204 122 180 124 3.28921 8192.33 10648
16 479 1874 4165 7326 10704 14785 20004 25938 31134 35054 40560 44658 47789 50408 52486 52228 51702 52579 50173 49687 47079 45578 42227 39085 35600 31113 27112 25620 22549 19161 16134 14376 12098 9673 8017 5985 5259 4151 2957 1913 1527 1322 906 610 333 194 162 123 72 115 4.58472 18729 10648
18 780 2443 5138 8747 12705 17626 22605 28806 34945 40392 42448 45605 47754 51463 53158 53899 53853 52185 51157 48570 46533 42543 40308 38026 35111 30561 26543 23262 20753 16729 13963 12383 9699 8200 6722 4970 3834 2701 2017 1628 1197 857 653 459 217 145 159 110 103 117 5.02901 20974.1 10648
24 732 2510 5698 9560 14369 19764 25187 31404 36568 41650 47023 50872 53343 56841 58546 58247 56851 56340 54113 50894 46461 43523 38668 34867 30367 26455 21672 18552 15653 13309 10983 8530 6721 5129 3688 2510 1735 1566 1150 839 580 407 259 217 159 116 16 12 13 106 5.25367 20602.8 10648
20 801 2258 4357 8153 12508 17193 22679 28831 34127 38895 43375 48450 52584 56035 58447 58361 58755 56211 54125 53281 47846 43878 41138 36674 32363 26836 23050 19070 16230 14207 11755 9532 8285 6725 4815 3609 2838 1886 1346 879 753 482 263 297 83 173 89 111 39 103 5.0596 20034.1 10648
7 296 2005 4199 7347 10658 14793 19679 25049 30852 34027 39809 43973 47973 51709 53432 55372 57269 55314 52550 51408 50170 46276 43617 39937 34982 30822 28198 23745 20312 16742 14189 11310 9660 7888 6645 5037 4172 3782 2611 1999 1472 1194 724 410 354 230 213 144 100 144 4.72777 19225.8 10648
42 716 2409 4826 8187 11587 15764 22102 27840 33362 38663 43509 48268 51648 53748 56309 56272 56444 55548 54739 52576 47834 44566 41656 37835 33390 29817 25308 20884 17134 14844 11140 9724 7656 6598 5044 4014 3614 2644 2038 1232 935 754 412 322 245 185 158 66 67 124 4.78321 18345.6 10648
11 510 2481 5365 8596 12833 17926 21857 27309 33304 38369 43560 48564 51171 53049 56009 58505 57266 56714 55059 51833 48680 42931 41119 35892 32696 28671 24056 21125 18071 14578 11786 9861 8035 6908 5443 4044 2891 2221 1703 1032 769 536 442 332 251 133 92 55 46 111 4.67934 17435.1 10648
18 791 2135 4911 8375 12724 18920 24325 30926 36620 41341 47684 50275 52039 55317 56641 58148 57067 55919 54468 52941 47672 42878 38037 34192 29766 26466 22740 19082 15784 13220 11167 9214 7042 5768 4803 3678 3116 2277 1685 1434 968 566 401 331 377 204 98 49 68 132 4.66721 16519.5 10648
0 604 2786 5518 9956 14001 19245 25763 31693 38751 43098 47710 51067 53984 58288 60362 58873 58249 55296 52682 50476 46763 41264 37483 34155 29221 24571 20545 18031 15863 12596 10388 7887 6355 5309 4247 3178 2407 1694 1215 1024 737 548 275 129 117 99 67 63 58 109 4.63973 15704.8 10648
8 405 2378 5009 8670 13464 18214 23315 29302 34900 41591 46405 50583 54777 57790 58544 57627 58630 56698 53438 50880 46853 42331 36974 34848 30946 27361 23553 20288 16046 13523 11176 8719 6810 5197 4246 3322 2612 2023 1444 1142 703 526 436 302 287 132 104 71 63 132 4.43851 15026.1 10648
17 647 3153 6658 10489 15626 21793 28669 35073 40095 47652 51657 54361 55571 58096 59477 58406 55908 53135 50714 49199 44172 40397 35302 30105 26684 23875 20995 17593 14038 11373 8788 7415 5689 4939 4082 2882 2338 2088 1682 1085 777 528 366 362 249 223 134 78 41 124 4.55348 14417.3 10648
29 907 3477 6832 12393 18129 25526 30898 40257 44891 52031 56817 62585 62015 63761 64212 62855 60171 58270 52844 46924 42211 36554 31804 27932 23103 17439 13874 11168 8614 6336 5023 3645 2924 2150 1538 886 757 721 582 332 457 340 204 91 41 40 52 27 25 106 4.74657 13867.1 10648
9 818 2787 6447 11582 19642 26440 32009 39072 43834 52562 55641 61306 65564 65579 64523 62211 60362 55944 52601 47933 40727 35596 31091 26690 22547 17948 14759 12133 8772 6933 4994 3874 2852 2072 1637 1210 822 543 478 368 350 299 352 217 236 131 94 48 52 110 4.65124 13393.5 10648
11 1182 4026 8686 14231 21825 29731 38052 44485 51754 56778 61285 66549 69692 68259 65700 64147 59110 52845 47283 44659 36407 32121 26798 22674 17447 14285 11203 8131 6153 5103 3530 2513 1958 1570 1059 738 692 492 302 191 280 227 133 113 69 45 54 73 38 110 4.82276 12975.7 10648
30 956 3421 7169 12054 17303 24105 30283 37149 44754 52203 57550 59420 61159 62383 61046 61110 60877 58339 52041 47543 42290 37708 33233 27905 23406 19027 15556 12121 9607 7452 6244 4643 3506 2539 1836 1341 1091 797 727 503 534 419 305 282 182 112 136 154 99 149 4.44646 12633.6 10648
42 959 3782 8700 13433 20122 27273 35402 43303 49713 56855 61458 63923 66053 64843 63072 60916 59362 53117 48981 44739 39414 34903 29116 24934 20290 15746 12110 9605 7822 5891 4737 3390 2400 2106 1383 1013 834 682 519 586 329 178 127 161 128 112 37 29 33 136 4.59633 12424.2 10648
49 445 2523 6444 11225 15995 22267 27597 32849 38753 43547 47919 51554 56327 60529 58887 58528 56438 54256 51111 47852 45765 41620 35254 30640 27931 24787 22677 18403 14631 11737 9804 8297 6267 4708 3989 2907 2542 1935 1557 931 869 691 478 312 290 185 190 102 65 141 4.08923 12241.5 10648
32 861 3348 6525 11393 17219 24153 31022 36676 42598 47511 54024 56107 59671 62663 63298 61655 58467 55096 49863 45527 41317 35940 32705 28843 25432 21825 18539 15012 11920 9302 7461 6305 5098 4399 3053 2410 1832 1296 1101 833 594 518 296 331 226 217 102 50 19 115 4.24487 12138.6 10648
92 926 2995 6462 11684 15739 21896 29907 36655 44432 50693 54219 60420 62043 64132 63679 60638 58138 53849 50705 47121 41270 37312 33292 28089 24289 20026 16464 13118 10853 8693 7566 6199 4788 3820 3149 2450 1870 1212 1080 763 568 423 325 261 163 112 79 20 15 106 4.26213 12047.3 10648
7 869 3511 7710 12854 19428 26836 33552 40018 46939 52904 58308 62524 63275 63086 62586 61477 58424 53171 48036 43085 39381 35248 31086 26109 21533 17492 15170 12055 10080 8487 6932 5111 4210 3348 2543 2227 1447 954 630 536 482 251 182 153 173 92 94 41 37 116 4.38016 12003.6 10648
35 684 3390 6855 10987 16239 23294 28256 36295 41375 46907 49750 55483 57447 60209 60536 61087 57138 54265 51243 47000 42218 40270 34174 29844 26309 22991 19281 15444 13650 11147 8681 7085 5614 4139 3528 3015 2059 1799 1232 997 718 529 385 374 221 152 109 94 128 140 4.14601 12059.1 10648
29 884 3603 7092 13181 20352 26303 32090 38147 48062 53500 57644 58259 61915 61249 59538 58698 56111 52169 49172 45582 39590 35821 32141 27224 24338 20639 16515 13787 11500 9568 7095 5451 4682 3077 2558 1864 1444 1161 866 472 393 320 233 140 81 37 24 19 57 123 4.32482 12011.8 10648
34 1016 3979 8499 14400 21261 28215 36132 43717 49414 54619 60029 63371 64595 65890 61781 59428 54500 52247 49495 43888 39135 34131 29854 25420 20896 16448 13609 11018 8133 6179 5310 4369 3640 2496 1780 1393 1176 995 646 486 385 359 112 79 54 18 22 16 21 112 4.47747 12024.3 10648
41 1044 2970 7706 12480 19830 26994 33830 39379 45108 52595 57225 62344 62048 63942 62342 59446 56956 55261 50671 44641 40545 35807 32466 26685 22224 18437 15223 12656 10208 7761 5983 4577 3680 2738 2155 1645 1138 1013 1014 580 438 241 211 234 97 54 15 23 0 100 4.39176 12115 10648
40 1381 4779 10405 17174 23975 32460 39888 45981 56362 61318 64054 66845 65681 64105 62640 58808 57176 51668 45948 42655 35594 30077 26337 21291 17474 13629 11220 8334 7042 4916 3826 2800 2219 1621 1338 895 698 569 458 312 209 173 103 63 61 41 45 12 3 100 4.74373 12196.2 10648
25 999 3364 6879 11706 17525 22720 29117 36488 42175 47701 52382 55554 57319 59632 61620 58683 57620 55289 50445 46508 41957 37888 33732 29098 26531 22517 19076 16126 13056 10942 8209 6861 5730 4558 3452 2845 2232 1715 1131 882 668 563 427 255 143 126 98 73 39 118 4.21872 12257 10648
34 986 2938 6815 11661 16819 22284 28422 33616 38725 43531 50599 54845 56170 59911 59618 59563 57108 56244 51577 48436 44119 38960 36312 31600 27287 22863 19958 16156 13469 11132 9290 8436 6280 4685 3436 2741 2091 1628 1204 915 702 364 330 267 270 63 112 36 61 131 4.16845 12380.4 10648
29 646 2742 5901 9935 14230 18867 24300 30035 36139 40526 45159 50204 52793 54358 56930 55864 55911 52918 51186 48395 46103 42741 39865 33695 31547 26616 23444 20713 17372 14977 12166 10599 7874 6359 5122 4055 3192 2505 2110 1453 1359 1037 825 546 478 377 221 121 131 130 3.9635 12431.5 10648
15 861 2641 5482 8741 13655 19076 25290 29927 37652 42811 46246 50877 53664 56404 57421 56046 57494 55437 53270 50190 45862 42302 37357 35109 31105 25318 21800 18881 15827 13710 11099 9638 7248 6215 4920 3842 2955 2148 1535 1226 940 512 549 497 376 250 137 107 27 106 4.03561 12503 10648
42 710 2623 5127 8405 12371 18578 22453 28053 33992 38135 43690 46299 48944 53546 55110 55224 53253 53417 51870 48983 47100 43572 40323 35320 32640 29663 25553 22211 18809 16640 13959 11533 9389 7957 6520 4728 3887 2994 2839 2250 1549 1157 762 892 619 337 274 205 144 149 3.88552 12595 10648
32 486 2531 5171 9679 14675 20092 24695 30429 36634 41878 46490 50972 52808 55394 55203 56424 55352 53941 51404 49533 45784 40899 37865 34040 30777 27269 23737 19954 17186 14022 11150 9709 8026 6556 4792 4310 3520 2771 2317 1774 1213 879 727 517 321 327 162 127 82 164 4.029 12630.9 10648
43 691 2278 5250 9089 12948 18949 24018 29951 37202 42842 47105 50533 53984 55285 56898 55153 54744 54876 52895 49926 46363 41790 36313 34324 30567 26426 22828 19762 16871 14362 12716 10086 8214 6488 5223 4063 3246 2535 2070 1650 1133 952 624 482 418 227 144 82 51 129 4.02711 12692.8 10648
32 852 2986 5888 9950 15538 20001 26751 31892 37467 44464 48139 51019 54225 55712 56565 57211 57055 54366 52309 49112 44715 40533 37869 33888 30022 25608 21619 18980 15335 12565 10871 8584 7007 5446 4652 3769 3027 2206 1633 1287 994 767 515 453 284 185 153 129 46 125 4.13186 12836.1 10648
30 725 3140 6790 11474 17031 22664 30791 36841 42313 48387 52340 54360 56783 57630 60288 59915 57504 55415 52661 48367 42157 37267 34296 30698 25878 22256 18857 15548 12804 10831 8657 7109 5500 4252 3349 2741 2063 1393 999 795 482 487 327 267 95 43 62 24 5 109 4.33227 12966 10648
34 791 2803 5226 9098 14326 20285 25239 31458 37756 41237 46347 51379 54825 55292 56054 57804 56177 51735 50863 48645 44443 42013 38955 34245 30405 26363 23364 19859 15917 13563 12033 10166 7881 6579 4937 3877 3213 2349 1859 1344 961 858 600 623 349 225 181 112 38 115 4.09309 12985 10648
35 782 3019 6782 11444 17446 24126 29221 37023 44153 49868 55487 58990 61265 61086 59504 58396 56278 53040 49824 47679 42353 37657 32711 28678 25310 22509 19919 15529 12043 9462 7991 6103 4644 3421 2620 1993 1862 1335 839 553 479 341 293 195 122 69 40 78 61 141 4.43784 13189 10648
23 856 3109 6420 12553 18490 24135 30756 38968 45433 49784 53415 57566 61723 61523 59954 59080 57176 55248 50872 47941 43057 38400 32139 27686 24033 20512 17180 14494 12397 9968 7063 5785 4170 3306 2458 1825 1335 1052 731 542 549 301 267 152 106 57 38 26 32 114 4.49208 13282.5 10648
22 699 2666 5696 9914 15116 19617 25822 33097 37499 41167 47916 51554 53576 54543 57623 56616 53746 54441 51868 47468 44580 40616 37733 33795 29805 26107 23385 19521 16822 14043 11582 9592 7415 6338 5141 4126 3484 2540 1823 1512 1047 791 670 507 410 224 159 147 96 120 4.18543 13488.9 10648
29 960 3727 7790 13059 18530 23761 30893 37609 45590 50216 53415 56942 58682 60484 60915 60190 57330 56558 52612 46541 41822 39322 33065 28948 25305 21197 17040 13465 10258 8652 6768 5344 4716 3643 2489 1965 1544 1156 729 584 361 141 182 105 34 8 10 5 6 102 4.53931 13508 10648
59 978 3451 7012 11742 16670 23004 29760 35579 43746 46108 51440 54734 57416 59383 59254 58198 57370 54063 51316 47282 42604 39194 35458 29881 26507 22570 19625 16306 12969 10550 8592 7147 5780 4461 3657 2646 2163 1785 1287 1015 570 362 288 215 178 142 95 64 18 107 4.42569 13652.7 10648
22 599 2894 6588 11329 15244 22063 28567 34927 39925 44905 50086 51928 55034 57630 58869 56761 55410 53287 50927 48385 44652 40292 35282 31534 27985 25867 21955 17645 14469 11963 9929 8015 6367 5622 4375 3295 2338 1924 1495 1145 970 647 487 330 253 122 124 99 101 138 4.33442 13741.6 10648
25 708 2962 6474 12194 17730 23755 30731 38144 43955 48366 52733 57372 59169 59801 61198 60712 56450 52429 49268 46161 41028 37808 34195 29794 26479 21525 18905 14744 13086 9848 8413 6545 5211 4143 3224 2415 1670 1381 1101 646 472 416 326 281 191 156 163 100 85 112 4.55355 13926 10648
26 706 2398 4853 8262 11736 16974 22883 27480 34120 37855 42607 48302 51734 54044 55063 54279 54056 52338 50942 49400 46299 43055 37911 35262 33208 28938 25510 21610 18393 16913 13654 11990 10246 8378 6657 5657 4412 3545 3196 2369 1816 1395 1079 935 887 647 365 203 88 124 4.07267 14004.4 10648
17 623 2441 5418 9723 14841 19829 26133 32694 38009 40989 46245 50339 52591 54538 55510 56278 56726 52868 50974 48290 45318 41042 36809 34416 31363 26505 22673 20208 17324 14286 11882 9718 7819 6243 5142 4352 3346 2646 2111 1686 1196 906 690 516 416 356 252 192 169 142 4.27 14171.5 10648
53 864 2873 6731 10737 17419 22882 28004 34405 39463 46225 51222 54641 56533 60102 59782 57398 57515 55269 51029 48946 44218 38996 35472 31285 27485 22526 18766 15831 13141 11409 9326 7481 6117 5200 3793 2771 2244 1769 1277 908 639 485 493 385 264 132 114 53 18 109 4.48137 14226.3 10648
21 894 3360 6589 11130 15897 22214 29755 36018 41916 46839 50883 55198 58196 57973 59558 58836 56243 53603 50451 48324 43178 38638 36220 31516 27120 22895 18880 15698 13462 11189 8974 7186 5947 4830 3673 2611 2176 1808 1181 939 620 541 503 333 253 188 124 69 38 112 4.51438 14326.9 10648
25 799 2870 6282 10448 15798 21217 26817 33739 39339 45295 51014 54239 57633 59088 58641 60094 56518 53468 51651 47924 43031 39375 36284 33235 28910 24309 19494 16987 13889 11682 9423 8044 5980 5006 4316 3089 2388 1775 1296 794 600 588 480 246 161 143 133 81 49 114 4.47155 14433.6 10648
50 788 3291 7512 13372 20017 27359 33227 40070 45517 50961 57931 60626 62581 62771 61071 59313 57318 54170 50798 45834 41020 36668 31015 25707 22260 18042 15552 12512 11176 8578 6576 5313 4267 3504 2306 1742 1187 874 427 475 248 188 169 78 45 47 55 40 41 111 4.80438 14535 10648
21 1169 4212 8874 14823 20671 28600 35825 41827 49230 54889 59212 62824 63634 65001 63834 61173 59179 53056 48257 42940 38046 33649 29171 23909 20618 17329 14499 11204 9101 6991 5226 4094 2952 2591 1762 1201 781 669 366 337 286 137 114 117 94 43 52 61 41 108 4.95853 14644.1 10648
47 1141 3974 8311 14473 21733 29524 38482 45426 51164 57790 61267 64256 64715 65542 61751 59414 56344 51793 46343 41966 36297 31243 26699 23200 19237 16663 14109 10874 8915 7458 5461 4587 3607 2898 2036 1620 1064 930 548 425 362 339 221 87 136 68 67 52 35 106 5.03652 14647.8 10648
24 807 2639 6175 11192 16955 22893 29566 35064 40478 45421 49817 55847 59549 61955 61946 60241 57479 53317 51522 46925 42891 37861 33765 31511 26770 22734 19137 16600 13330 10928 9106 7222 5536 4458 3187 2388 2115 1398 994 775 645 528 438 207 168 84 44 15 22 132 4.60379 14789.3 10648
28 1004 2763 6957 10993 16941 22996 29916 36045 40979 47347 52112 56720 60174 60638 61490 60272 57659 54468 51140 46740 42648 39994 35535 29097 25422 21751 18802 15621 11841 10152 7933 6524 5111 4070 3352 2558 1930 1408 993 683 556 443 337 126 147 141 79 36 18 111 4.65708 14820.5 10648
30 745 3407 7106 11232 17233 23018 29421 36594 43031 49172 54521 57334 58766 59548 61082 59173 56202 53000 50567 46975 42207 38480 34050 30454 26551 22366 18280 15821 12482 9781 8019 6004 5335 4715 3267 2378 1906 1337 1016 617 437 354 163 80 64 128 78 100 53 119 4.65687 14777.4 10648
23 1028 3966 7478 12285 20013 26964 35688 42905 49210 54405 57467 60510 61679 62075 61739 58025 55479 52433 47900 44027 40532 35329 31019 27111 23526 18869 15902 12337 9493 8235 6624 4956 4217 3056 2265 1739 1188 960 677 499 241 203 133 92 38 51 50 46 11 104 4.88582 14874.2 10648
16 666 2429 5326 9774 13822 19854 26061 33758 39789 43584 48668 49539 53449 56004 57179 57255 57332 55175 50910 46747 43718 40647 37353 33721 29560 25930 21946 18991 16103 12879 11754 9726 8103 6140 4980 3744 2971 2374 1835 1253 1119 819 567 388 257 197 100 86 75 127 4.44105 14966.7 10648
14 759 2828 5663 9822 14981 20597 27688 34318 41401 47624 52820 54950 58833 58690 60454 60434 57005 53771 50505 47684 44033 39870 35198 31218 27111 23000 19863 16382 13814 10952 9543 8249 6317 4430 3462 2755 1817 1500 1161 885 653 549 299 231 224 120 68 88 53 114 4.59364 14983.4 10648
23 735 2612 5804 10035 14408 19977 26512 33848 38820 45092 48716 52448 57480 59372 58838 58838 57101 53806 50384 46863 42985 39819 36705 32502 28325 25616 22376 18551 15125 12295 10267 8130 6653 5602 4226 3187 2672 2012 1582 1183 932 584 462 378 269 196 126 105 82 142 4.52057 15082.5 10648
12 866 3111 5986 10026 14968 21282 28060 33886 38618 44299 49190 52252 55540 57054 58533 60071 57759 55802 51537 47528 43082 39803 35650 31876 27872 24335 21271 18216 15222 12433 10395 8022 6685 5507 4659 3394 2577 1977 1435 1091 799 575 447 302 196 150 112 119 94 124 4.53021 15049.9 10648
37 1133 3316 7148 12902 18791 24879 31828 37875 43339 49286 56632 58701 61410 62414 61857 60745 60376 53984 48617 45867 41879 35781 31790 28453 23359 19874 15995 14373 12417 9037 7723 6034 4546 3573 3199 1760 1043 755 427 437 471 213 187 83 49 63 38 4 0 100 4.82528 15168.1 10648
33 840 3421 6532 11284 17145 22691 30390 35661 41933 48505 54128 58128 60066 59878 58861 58914 56759 54589 48679 45655 42436 39273 33852 30174 25509 21888 18720 16037 12869 11103 8750 7168 5766 4489 3795 2315 1620 1229 798 706 695 460 312 263 120 72 52 72 43 121 4.71319 15234.8 10648
15 645 2374 6286 9960 16240 21865 27365 33621 39100 45821 50685 53913 54103 58130 59253 58038 58384 54605 51857 47801 43086 39928 35688 32006 28007 24130 22123 17200 14506 12287 9851 8163 6309 5165 4379 2829 2338 1672 1212 1090 764 589 410 376 237 105 57 47 53 131 4.57897 15240.3 10648
28 878 4021 9178 14413 21666 30908 38292 44564 51462 57955 62273 66616 64007 64495 63727 61507 56651 52788 47482 40772 37147 32402 26613 22629 18525 14837 12800 10324 8381 6548 5378 3775 2906 2224 1772 1246 856 750 493 431 243 188 160 115 70 51 66 46 31 111 5.17803 15187.3 10648
26 1206 4481 8349 14014 21951 28551 36355 43800 49987 55011 59566 61958 65555 64941 64775 60582 57078 53896 48771 42510 37141 31586 27916 23974 20410 16294 13456 11231 8778 7303 5613 4304 3275 2649 1973 1450 1188 866 508 463 273 217 206 104 62 30 20 26 16 105 5.11435 15352.9 10648
81 1042 3341 6984 10407 15591 21349 28510 34411 38555 45960 51576 53424 56273 58415 58539 58666 56810 54830 51805 48890 45010 39803 36587 31309 27714 23136 19309 16122 13667 11633 9429 7849 6153 4992 3906 3203 2537 1984 1384 924 734 555 394 289 210 151 111 78 52 117 4.61857 15278.1 10648
58 858 2992 6936 10777 16675 23982 29441 35252 41985 48033 53520 56331 57212 58534 59260 59108 58250 55055 52313 47929 43461 39033 34706 30035 25901 20871 17932 15730 13019 10515 8463 6856 5695 4445 3462 2638 2291 1514 1069 728 418 453 242 184 160 152 86 60 74 106 4.71692 15301.4 10648
8 758 3370 6751 11671 16839 23967 29867 36032 43021 49476 54306 57968 59411 61262 59285 60221 57379 54609 50646 46491 42762 37976 33395 29688 25330 21153 17985 15224 12493 10143 7870 6241 4693 3551 3024 2461 2143 1500 1022 829 609 413 304 204 107 111 45 28 30 127 4.78106 15356 10648
28 928 2940 6295 11292 16725 23181 29318 35964 41833 45691 51242 55114 59297 58659 59044 58923 55091 53494 52209 48500 43835 39226 34102 30697 26725 22508 19827 16566 13388 11043 8705 7182 5813 4735 3917 2798 2000 1469 1213 935 768 445 284 174 159 154 102 87 62 112 4.68844 15341.9 10648
28 789 2898 5637 9977 15926 22117 28861 33346 40040 45466 50620 54304 56148 58692 59687 57580 56107 56000 52414 49305 44189 40542 36559 32493 28313 24016 19729 15931 13190 10886 9057 7820 5930 4638 3600 2775 2198 1747 1296 1017 758 517 387 297 266 232 141 124 79 131 4.62575 15326 10648
34 763 2855 5598 10024 15360 20771 26076 31944 38423 43487 49198 53460 54556 57596 57345 58182 56348 53231 50475 48072 43633 40609 37149 33921 28938 26559 21997 18943 15713 12691 10610 8491 6899 5294 4448 3698 2999 2123 1753 1294 914 633 504 343 290 197 109 81 52 119 4.52659 15340 10648
31 636 2691 5909 9467 15527 19838 25366 31722 37457 41820 47167 51578 54500 55879 55983 56430 54698 53456 51215 47977 44670 41413 37992 34514 30987 27144 23694 19775 16249 13295 10936 8870 8017 6243 4949 4057 3202 2391 1606 1377 1021 818 632 453 386 180 163 169 96 154 4.46451 15270.3 10648
39 734 2342 6337 10964 16143 23346 30181 36634 42454 48009 51618 54322 58740 61015 59992 60185 57784 56251 51913 46389 43961 39527 35142 31031 25889 21406 18035 15733 12607 10199 8480 6270 5157 4042 3074 2361 1640 1376 1039 697 440 312 299 241 145 109 45 21 10 119 4.72792 15324.4 10648
33 687 2733 5866 9872 14437 20308 27984 32242 36956 42705 48187 51619 54773 57021 55832 56292 57282 53884 51338 48087 45054 40908 36533 32775 29817 26130 22556 19956 16274 13075 11112 8929 7324 5936 4825 3681 2870 2286 1787 1448 833 560 427 401 234 229 180 204 135 183 4.48708 15280.9 10648
18 663 2433 4965 8560 13033 18696 24143 30355 36103 39368 44067 48457 50611 53118 55497 55812 55307 54084 52087 49780 47089 44375 38778 34108 30266 26869 24371 21490 18423 16126 12824 10597 9568 6903 5307 4330 3938 3115 2246 1617 1202 1077 799 527 549 449 285 164 122 129 4.33065 15184.7 10648
21 847 2809 5377 9860 14748 19459 24415 29652 36931 42958 47048 50067 54000 56262 57134 57812 57619 53950 51184 49024 44921 41628 37550 34419 30637 26201 22710 18248 16620 13141 11983 9596 7883 6275 4925 3874 3178 2456 1702 1454 1079 721 716 480 350 232 209 160 104 171 4.45399 15199.8 10648
16 565 2462 4964 8286 13805 19414 25863 30887 36486 41522 46046 49090 51401 54464 56857 57732 55828 54836 52980 48549 45231 42309 37886 34143 29721 27021 24331 20941 17192 14875 12412 9694 7554 6081 5241 4357 2953 2635 2140 1713 1200 915 829 410 459 216 73 31 67 117 4.39082 15147.7 10648
29 671 2573 6319 10509 16938 21179 29031 34875 41580 47445 50370 53593 56708 57689 58168 57745 56926 54353 51497 47390 42960 39736 35511 32175 27152 23536 20928 17307 14618 11973 9608 7557 5987 4554 3836 2890 2232 1748 1270 1035 806 551 337 287 206 86 99 79 39 108 4.60975 15128.9 10648
22 834 3314 7355 12719 19255 24832 31637 39460 45291 51862 55567 59879 61000 62293 61958 60334 57898 52830 49499 44382 40645 37475 32446 27117 23575 19448 17078 14758 11323 9119 6350 5340 4461 3420 2755 1827 1603 1109 795 585 373 283 207 125 90 46 41 33 34 117 4.83394 15089.2 10648
24 802 3201 6230 10516 16287 21297 27243 32938 39209 44486 50742 55330 58182 58459 59362 59410 57289 56050 52201 46085 43562 40429 35481 30781 27278 24421 21030 16997 14791 12185 9691 7203 5889 4257 3569 2862 2025 1574 1132 1126 1023 686 483 285 213 187 103 66 26 102 4.58271 15107.2 10648
33 836 2829 6209 11102 16583 22296 28337 35420 43570 47397 54332 57835 59156 59110 58190 59264 58095 54453 50533 47803 43003 37551 34463 31067 25901 21859 18716 16042 13998 11188 8955 6500 5075 4214 3280 2580 1890 1268 1132 810 566 436 276 162 106 91 71 64 44 109 4.6577 15011.6 10648
26 812 3537 5938 9926 16325 22260 29898 35369 40166 45795 52464 55068 58984 59537 59689 59719 58095 54449 51724 47259 41674 38722 34596 30661 26571 22611 19325 16824 13712 11162 8938 7316 6184 4715 3515 2906 2223 1736 1145 874 594 480 329 256 179 118 111 91 58 133 4.62789 15019.3 10648
17 708 2918 6357 10983 16018 22334 29810 34982 39820 45503 50767 54024 57546 61023 58746 58686 56867 55113 51770 48490 43693 38765 34759 30208 27049 23460 20406 17230 13616 11781 9069 7381 6262 4763 3383 2685 1989 1641 1048 721 527 438 387 215 226 200 140 93 64 119 4.58839 14924.5 10648
5 772 2872 7125 11158 16586 22398 29227 35535 41764 46238 50616 54371 59065 59122 58378 57236 55912 53756 51665 47247 43027 39873 34436 30718 27101 24245 19358 17123 13094 11305 8955 8392 5977 4344 3757 2631 2350 1578 1438 983 758 796 419 296 126 147 110 142 101 171 4.58762 14928.6 10648
25 695 3051 7046 12566 18635 24458 31754 38836 44724 48236 53910 55586 60771 62476 61363 59992 56588 53577 49406 44200 41299 37090 32820 28627 24695 22177 17638 14320 12173 10090 7854 6385 5463 3983 3383 2413 1944 1364 890 578 538 296 260 223 122 58 52 48 12 112 4.72115 14916.8 10648
19 781 2858 7452 12709 19291 28198 34818 39792 46389 52959 56042 57979 61934 62835 61651 60475 57803 55072 51507 45388 40984 35366 31328 26972 21720 18427 16043 13072 10127 7707 6305 5061 3979 3186 2558 1785 1190 854 567 536 252 195 194 126 106 43 36 14 11 105 4.85538 14848.2 10648
26 498 2182 4501 8223 13150 18721 23018 28962 34565 39357 43603 46134 50113 52327 53577 55117 53470 52118 52505 49205 47068 43371 39764 35628 32815 29555 24734 21230 18837 17130 13939 11436 9769 7731 6290 5031 4481 3291 2948 2123 1578 1194 939 830 533 363 295 227 163 135 4.21667 14840.9 10648
26 683 3430 6789 11557 16391 23824 30503 38136 42242 47038 51060 54576 59077 61117 59707 58757 57687 54726 49789 46672 42423 39258 33648 29810 25883 22330 18956 15255 12459 10100 8355 6548 5915 4768 3715 2982 2257 1768 1253 987 678 466 357 214 160 125 98 72 59 113 4.63014 14713.1 10648
66 1572 4683 9611 16652 25542 34892 42688 51816 58237 64111 66983 67805 68226 67461 63395 61297 55282 49277 44387 38175 33576 28717 24231 19547 14615 12388 9437 7598 5665 4329 3465 2596 1874 1356 894 668 460 297 216 246 113 73 40 49 28 24 23 14 3 101 5.35641 14681.4 10648
75 822 2666 6050 10831 16741 21879 29272 36022 43626 48967 53051 55467 59133 58256 60102 58267 56042 54385 52007 48118 43265 38699 34769 29511 25293 22417 18426 16935 13302 10813 8813 7028 5622 4396 3480 2564 2100 1368 1236 725 528 528 329 288 166 92 84 85 33 123 4.59207 14596.3 10648
43 991 3026 6333 11045 16485 22714 29616 35141 42510 45689 49448 54503 55947 56115 59208 57353 55974 54664 52054 47998 42529 38778 35334 31277 28099 23569 20460 16781 14395 12373 9612 7873 5857 4740 3402 2618 2183 1992 1519 1242 879 688 517 454 284 141 123 62 37 124 4.5439 14607.8 10648
41 820 2618 6189 10220 14870 20848 27614 33940 39588 44123 48879 52755 57285 60143 59814 61033 57111 53213 51317 47165 43727 39970 35802 31837 28768 25195 21096 16899 13998 11517 9433 7669 6397 5287 4015 3174 2627 2008 1744 1410 913 602 434 222 209 71 35 32 23 102 4.47917 14585.8 10648
9 475 2152 5131 8680 12638 17606 23488 28809 33974 37428 42515 46993 49659 51795 53797 54090 54118 54871 52870 49102 45625 42227 38948 35887 31416 28952 25629 22971 20210 17127 14011 11660 9712 7484 6607 5311 4584 3599 3079 2462 1900 1651 1064 699 515 410 400 218 105 140 4.15438 14507.5 10648
11 632 2210 5212 9134 14526 20938 26149 31296 37613 43259 47758 51034 54545 54232 56632 55663 54854 52538 50523 47780 46716 42835 38614 32655 29784 26150 22757 20024 16914 13597 11691 10109 8137 6711 5182 4075 3212 2304 1847 1479 936 614 529 418 242 255 163 119 44 148 4.34471 14552.6 10648
5 619 2147 5256 8754 13210 17089 23924 28958 34828 39971 42927 47020 51023 52568 53373 53967 54205 53783 51605 47470 46028 43140 40303 34892 32326 29106 25423 21525 19228 16680 14484 12194 9401 8284 6164 5145 3873 3201 2710 1982 1650 1140 775 758 550 398 281 188 82 185 4.1618 14409.9 10648
34 761 2866 6265 11251 16640 23098 29314 34600 41888 46836 51182 53502 57470 58938 58594 59441 57234 55945 51406 46826 42664 39158 35562 30772 26653 23572 19381 16913 14116 10725 8808 6984 5707 4942 3569 2794 1858 1531 1150 1099 895 604 542 253 151 39 75 44 26 123 4.5178 14396 10648
45 889 3583 7527 12268 18724 26332 33299 40001 47998 52998 57571 59801 63212 64255 62167 60507 56663 54015 48822 45313 40149 36301 30530 26934 22637 19485 15442 12670 10327 8205 6131 4686 3664 3015 2309 1653 1325 825 735 495 340 342 140 86 54 80 59 64 24 103 4.7904 14344.8 10648
29 815 2905 6556 11379 17165 24231 31153 38606 42604 48321 53273 56110 58456 59886 61023 61658 57975 53742 50479 47054 42256 37001 33058 28635 25370 21718 18509 15256 11994 9981 8646 6847 5208 4214 2960 2230 1910 1375 1075 784 626 578 355 230 174 133 71 36 34 115 4.6121 14363.2 10648
21 525 1924 5124 8529 13467 19050 24605 31633 36999 41483 45943 49834 52224 56341 55814 57716 57803 55664 53222 50144 44945 40139 37825 34735 29977 26176 22747 19195 16719 13873 12130 9873 8026 6373 5379 4033 3427 2330 2016 1617 1195 928 1100 728 446 320 172 160 47 105 4.28099 14362.2 10648
22 678 2453 6666 10802 14851 21738 28405 35114 42670 45635 51257 54987 56582 58955 60506 59063 57971 56409 52049 46299 41673 40554 34986 30178 26932 23405 19168 16486 13559 11256 9825 7683 5929 5076 3770 2796 2435 1520 1022 862 673 583 306 208 216 160 115 116 65 132 4.48725 14299.3 10648
18 533 2873 7469 10928 16978 21412 27840 34243 41618 45981 51097 56534 59459 59427 60062 58567 57713 55421 52116 47688 43596 39073 33685 30616 26790 23177 19257 15618 13700 10962 9005 6795 6135 4820 3321 2748 2414 1382 960 798 544 295 215 357 207 91 70 56 23 112 4.50857 14262.7 10648
11 577 2424 5493 10182 15801 22759 28919 34034 39334 46262 49103 52978 55083 57796 58711 57147 55697 55073 51281 49752 45548 40216 36314 33616 28189 24132 20881 16994 13702 11785 9666 7909 6220 5215 4478 3195 2225 1592 1435 986 535 557 360 208 165 73 16 27 44 100 4.43503 14264.3 10648
25 668 3217 6662 10291 15776 22088 28285 34907 40767 46488 49250 52363 56720 58270 58313 57677 56510 54941 51999 47403 44220 40286 35109 31289 28003 23518 20329 17675 15065 11988 9046 7827 6373 5157 4140 3002 2381 1774 1469 1099 824 602 297 263 142 61 37 52 37 115 4.43716 14206.1 10648
45 781 2819 6021 9998 14530 20138 27448 32534 39908 44752 50488 54011 57655 56774 59448 57781 55792 53037 51311 48560 43267 39323 36002 32708 29047 25055 21398 18064 15278 13054 9695 8274 6956 5357 4277 3383 2868 1945 1266 856 883 857 473 185 85 88 108 107 7 102 4.3856 14150.3 10648
9 588 2678 6142 10537 16305 22380 27882 33988 40215 47208 51390 55828 59715 61923 59209 58398 56372 53658 51085 48665 43398 39527 35374 31941 27610 22365 19551 17050 13722 11027 8595 7141 5820 4916 3602 2464 1403 1281 1089 881 549 328 250 238 141 62 44 61 94 100 4.48918 14155.9 10648
23 664 2986 6407 11047 16251 22706 27217 33175 40674 45857 50919 55146 57788 60513 59330 58429 55950 53655 49950 46038 42440 39740 36101 32305 27138 23658 19535 16929 14729 12289 9798 8103 6544 5438 4088 2954 2163 1742 1404 722 509 356 312 298 281 168 119 60 40 111 4.44336 14128.8 10648
26 747 2914 6579 11737 16505 22894 30372 34926 41681 47258 51628 55600 58409 59765 60127 58041 57112 54042 51539 46681 43076 37473 34090 29536 25146 23433 20016 16954 14296 11359 8827 7188 5825 4605 3548 2415 1844 1557 1309 1026 667 517 414 336 218 181 111 98 34 117 4.50541 14191.4 10648
26 551 2232 4998 8683 13406 18427 22977 27978 33487 38740 43888 47078 48733 51816 52580 54553 52598 51957 50101 49357 47201 44342 41015 36625 33618 29588 25775 22472 18636 16311 13621 12158 9354 7735 7343 5687 4360 3419 2605 2122 1694 1314 1059 705 594 522 305 221 102 131 4.10542 14183.5 10648
20 704 2451 4962 8903 12844 17469 23354 29208 35337 41101 47029 49894 52952 54087 55482 56822 55381 54354 52004 49911 47342 42266 37876 34552 30554 28506 24365 21027 17018 14392 12139 10583 8519 6716 5834 4132 3447 2830 2434 1518 1290 828 544 514 304 312 219 203 134 133 4.21005 14153.9 10648
16 722 2944 6995 11874 16469 23050 30122 36898 43809 50079 53988 55114 58848 59623 59192 59932 58370 55315 50945 45434 41588 37640 33329 30318 26347 22375 18323 15615 13534 10106 8521 6682 4623 3703 3116 2220 1886 1454 1041 766 522 374 266 233 128 117 58 48 19 108 4.55311 14083.2 10648
15 616 2824 5777 9823 15299 20571 27686 33750 37759 42799 48081 52168 55441 56675 59424 58125 57877 54265 50912 47873 44338 39409 36537 31711 27654 25099 21586 19467 16109 13585 11304 9473 7058 5663 4547 3461 2566 1968 1350 1083 815 406 400 453 323 168 147 96 122 141 4.35227 14129.9 10648
12 752 2464 5766 9397 15125 20395 26752 33092 39069 44394 48970 53241 55586 58117 59863 58916 56170 53963 51221 47282 44290 40719 36679 32573 28278 24020 22282 18416 15495 12639 11342 8943 6856 5197 3798 3125 2339 1880 1342 1166 756 562 363 326 241 303 172 26 14 110 4.34557 13970.5 10648
49 816 3393 7464 12070 17672 23776 31587 39262 43911 50195 54823 59829 64834 65501 63830 58586 57054 52112 49585 47041 41882 36544 30867 28047 24054 18874 16237 13890 11252 9330 7628 6215 4693 3103 2510 1737 1209 1003 730 597 314 214 192 86 11 14 24 26 20 108 4.65388 14045.7 10648
50 874 3190 7309 11731 17256 24501 29838 38239 44173 49376 53873 58010 59401 62614 59374 60207 57460 54474 50714 46989 41098 38089 34427 29312 24755 21372 17946 14910 11863 9210 7169 6209 4939 3604 2412 1874 1459 1183 844 740 422 316 234 188 204 79 88 80 16 105 4.59128 14052.6 10648
25 824 3237 6431 11203 17921 24307 29504 35609 40990 47456 53383 56068 60256 61323 60536 61207 58049 55364 52462 47099 41671 37276 33649 29096 25922 23398 18283 15590 13321 9861 7795 6065 4760 4080 3079 2148 1624 1050 756 653 399 335 260 89 75 61 34 4 100 112 4.55356 14068.6 10648
14 958 2768 5773 10698 15935 20634 27275 33123 38265 43566 48764 52812 56122 57429 57051 57718 57102 55365 51984 48462 45425 40591 37514 32638 28590 24977 20873 17511 15430 12376 10162 8152 6457 5193 3994 2943 2231 1914 1443 1164 822 554 552 418 269 284 184 122 84 115 4.35845 13968.8 10648
12 467 2405 5323 9708 14180 20051 25821 31809 37321 42367 48121 50621 53959 55171 57324 57076 56675 55243 53991 49217 47190 42448 37978 34188 29877 25202 21977 18405 15170 13493 11482 8994 7414 5420 4138 3498 2868 2065 1565 1261 971 695 527 445 254 127 84 39 52 111 4.30625 14034.3 10648
27 641 2900 6273 11138 15320 22853 30187 36164 40262 47581 51352 58282 60831 61508 60961 59351 58556 55491 52272 47482 44038 39294 33491 29611 25397 21966 18392 15820 13142 10232 7875 6340 5237 3796 2653 2062 1631 1287 860 648 411 427 265 119 100 38 45 53 30 107 4.5379 14048 10648
32 699 3001 6425 9595 14116 20302 26473 31622 38136 43531 49189 53199 56227 58209 58539 58037 57048 55603 53130 48765 44820 40929 36420 32999 29044 24953 21153 18352 14778 12086 10163 8262 6901 5413 4125 3254 2685 1891 1297 882 623 542 436 302 242 132 76 33 24 104 4.37166 14075.2 10648
38 787 2919 6478 10870 16887 22357 29849 34757 40717 46358 52734 55952 58285 59985 58544 58772 57769 57389 50676 47375 44198 39002 36314 30767 26158 22301 19271 15936 12339 10857 8547 6907 5654 4091 3346 2457 1837 1403 894 695 520 386 327 337 200 115 89 159 77 118 4.50253 14063.1 10648
49 869 3517 7172 12254 18436 26378 32289 39697 47673 51542 56015 59482 61984 62450 60148 60955 58791 55853 50277 46647 40671 36892 31786 26230 22198 19598 16331 13156 10112 8064 6417 5310 4118 2884 2222 1400 1388 940 676 490 326 208 186 141 178 70 84 93 43 110 4.7045 14094.3 10648
26 869 3198 7127 11219 18151 24277 29461 37184 45057 51598 55830 58252 61686 63829 62989 60994 58711 56100 50471 46422 41124 37468 33887 28244 23141 19297 16122 13547 11688 8553 6633 5419 4465 3330 2496 1787 1141 832 552 397 257 256 234 160 43 33 40 89 9 105 4.66174 14090.3 10648
32 892 3754 7660 14642 21614 27252 33376 41049 47476 52159 56840 61056 63567 64773 65146 62424 57886 52386 49911 43699 41015 35369 30735 26350 20906 17523 14226 11569 9996 7864 5524 4347 3317 2554 1953 1469 925 521 249 221 135 118 89 66 24 11 5 11 10 104 4.80415 14067.3 10648
22 838 3393 6484 11632 17597 22877 30292 36485 41200 47462 53414 57143 58525 60969 59863 60331 58612 54730 51213 46522 41391 38122 34161 29905 26465 22945 18282 14595 12257 10164 8343 6853 5364 4304 3196 2228 2138 1445 900 586 414 291 166 167 86 128 70 54 54 121 4.55434 14138.7 10648
34 1030 3459 7725 14064 21999 29168 37308 43678 50238 57227 61454 64990 65793 65360 64349 60685 56158 53497 48506 42288 37962 32788 26903 23665 20170 16560 13132 10449 8522 6007 4895 3807 2647 2275 1777 1207 799 516 460 331 337 170 138 96 46 19 3 4 3 102 4.93875 14110.7 10648
24 709 2662 5789 11156 16743 23995 28429 34716 38448 43645 49138 53143 56379 58420 58883 56669 55273 54630 52095 49220 44431 41653 36679 31557 26954 23087 20216 17214 14752 12288 9921 8560 6721 4909 3712 2859 1984 1534 1291 983 826 552 499 423 341 187 188 146 55 112 4.40866 14040.1 10648
9 814 3182 7166 12190 17022 22307 28553 34831 40908 45319 50713 53801 58029 60326 60367 58588 57497 53864 51859 48404 43740 39136 33566 30518 26222 22624 19527 16267 14228 11300 9089 7759 5775 4439 3720 2912 2113 1760 1212 844 575 459 322 252 205 119 86 48 82 152 4.46026 14016.2 10648
54 647 2563 5033 8788 13622 19026 24363 29946 33921 40370 43861 48151 52399 54180 54367 56033 55715 53959 52630 50449 46826 43438 38348 35059 31599 27340 23740 20455 18325 14995 12380 10699 8296 6864 5361 4867 4032 3205 2260 1745 1378 1098 632 465 418 315 150 131 170 132 4.18217 14069 10648
37 829 2571 5775 9853 15521 21024 27119 33094 38811 44373 48936 51850 56332 57359 58923 58192 58293 56217 52531 49092 45093 40779 35312 30798 27181 23297 20472 17986 15115 11993 10110 8558 7190 5627 4383 3189 2758 2099 1499 1203 979 700 456 316 263 151 155 126 111 169 4.40967 14203.5 10648
12 954 3403 5887 10752 15278 21573 27974 32603 38231 43858 49743 53424 57950 59185 58710 60282 57865 55581 52110 50039 42744 38643 34724 30695 27341 23902 19930 16968 13814 11352 10079 8316 6572 5573 4169 3462 2740 2258 1520 1179 1038 748 478 376 265 137 115 62 54 131 4.41924 14196.5 10648
55 605 2790 7113 12127 18306 24110 30523 38587 44885 50616 54993 58418 58520 62246 62045 60449 57385 53001 49065 46278 41704 38067 32834 29546 25179 20806 17577 13962 10754 9226 7678 6177 5019 3882 2641 1858 1594 1050 890 663 464 354 238 125 64 65 70 50 35 111 4.62408 14134.3 10648
20 560 3027 6510 11046 16458 22636 29542 35970 42269 47490 52553 55658 59068 60151 60783 60880 57801 55249 51218 46509 40701 37365 34141 29905 27078 21368 18667 15592 13241 11297 8916 7254 5699 4550 3236 2500 1968 1513 1073 902 544 580 376 275 147 161 118 81 34 120 4.52898 14210.8 10648
23 674 2903 6050 9785 14494 21105 26728 32310 39548 44269 48711 53308 54225 55961 57588 57071 56181 54193 50469 47838 44787 41947 37012 32375 28694 25730 22068 17834 14710 12794 10875 8866 6864 6047 5025 3871 2641 2095 1788 1348 1166 730 460 423 333 344 198 129 85 129 4.36836 14326.2 10648
27 787 3432 7964 12875 19098 26746 34266 39823 45733 51908 55361 58228 60422 61411 61297 59433 57138 52292 49723 47359 41163 35169 31326 26602 22993 20415 17405 13743 11561 8826 6843 5505 4274 3580 2660 1981 1512 1040 891 573 526 270 204 113 84 59 34 13 12 102 4.70682 14203.2 10648
17 1033 4049 8603 15323 22434 29615 35724 43493 50166 53933 58268 59920 60998 61933 60373 57849 55072 51703 47171 42018 37242 32838 29281 25002 21282 17444 14823 12702 10864 9111 7176 5922 4577 3907 3097 2384 2154 1432 971 732 448 371 346 337 238 101 92 70 43 118 4.87083 14281.6 10648
8 583 2532 5639 10782 14596 19792 25473 30886 36776 40928 47470 50779 52426 53156 55684 56370 55496 54380 51692 48191 44258 41990 37501 33559 30325 26745 23167 19924 16939 14892 11869 9696 7946 6648 5811 4513 3795 2832 1940 1764 1390 995 828 616 311 235 205 211 127 129 4.27417 14224.2 10648
31 894 3839 7511 13067 19075 26880 33011 39509 46521 51021 56987 59829 61031 62648 63107 60731 56984 53841 50180 44084 40163 35463 31313 28230 22866 20265 16105 12943 10222 8266 6300 5254 4332 3222 2464 1944 1221 979 644 570 373 215 220 120 75 35 8 33 46 127 4.7432 14265.8 10648
11 622 2357 5108 8855 13955 19502 24436 29049 35550 39823 44057 49784 50891 51378 53716 54854 53958 53220 52219 48549 45835 41733 39745 34877 31390 28539 25241 21965 18645 16220 13380 11105 9216 7441 5997 5035 4299 3266 2588 1749 1226 957 688 398 445 377 278 84 64 122 4.19236 14309.5 10648
37 666 2583 5665 9877 14587 20409 28072 33802 39397 43577 47371 49644 52177 54986 55384 54683 54815 54134 52515 48690 43790 40764 38945 35191 30546 25882 21771 19078 15762 12696 11575 9907 7787 6493 5130 3775 3239 2511 2001 1484 1175 580 509 323 282 154 101 68 86 125 4.33705 14410 10648
54 757 2458 6246 10230 14232 19529 25944 31025 36788 41850 46415 51027 53415 54657 57832 55971 54884 53354 50321 47108 44250 40770 38569 34652 31581 27078 22709 19785 17167 14602 12398 10169 8021 7034 5326 3721 3103 2391 1894 1632 1116 816 545 499 302 186 106 82 64 135 4.28668 14331.7 10648
21 635 2381 5936 10103 14996 19984 25960 32113 37321 41445 46075 51592 53190 57633 58405 56593 55881 55476 53425 48081 44445 40663 38417 32900 29831 25632 21523 19372 16108 13415 11210 9503 7611 5892 4757 3830 2789 2299 1798 1199 1072 745 742 470 385 239 341 126 124 115 4.32124 14290.2 10648
8 912 3353 6914 11653 16477 22186 28864 34731 41244 46008 50536 54210 58922 60088 60364 59431 59176 56297 53070 48868 43419 39112 33603 29100 26243 21691 18844 16382 12782 10488 9077 6874 5145 4420 3397 2534 1964 1687 1437 1133 657 362 285 234 190 105 140 31 44 107 4.54541 14404.7 10648
44 761 2639 6633 11835 17589 22960 28267 36437 40647 45764 51996 55074 58175 60092 60781 59782 58649 55261 51850 47740 43836 39345 33960 29315 25850 21766 19368 16486 13363 10533 8446 6802 5093 4152 3216 2664 1986 1365 951 890 711 457 299 222 147 162 133 95 63 148 4.56206 14403.6 10648
24 680 3196 7034 11327 17119 22404 27846 34555 40163 45192 48846 52619 55790 58176 57941 57010 56118 54789 52297 49152 44538 40253 35750 31524 27297 23321 20178 16994 14329 12751 9190 7911 6431 5068 4014 3239 2397 1733 1466 1032 780 601 458 325 294 203 154 114 61 115 4.47197 14468 10648
23 705 2341 4798 8401 13181 19138 24379 27984 32924 38780 44831 48741 52370 54132 54566 53733 54462 53771 51624 47969 45425 43280 39116 35737 32562 29583 25577 22511 19053 14516 12351 10729 9406 7699 6041 4989 4151 3263 2470 1783 1252 999 841 640 459 381 435 282 206 210 4.18928 14395.4 10648
30 713 3199 6366 10751 15250 21127 28218 33938 39820 46915 49534 54066 56656 58013 58718 59710 56935 54021 51989 47575 43190 39560 35625 31723 27904 23398 21310 17916 14857 11916 9617 8224 6286 4509 3619 2834 2167 1588 1196 938 885 501 366 219 244 146 204 134 69 112 4.47792 14434.6 10648
23 777 3228 6411 11550 16972 23297 29990 35464 41022 46064 51023 55062 57558 59427 58562 58642 56483 53787 52027 47817 42697 38502 35916 30544 26633 23918 19842 17142 14560 11199 8659 6915 5318 4046 3338 2802 2039 1519 1093 760 551 369 344 295 175 123 73 52 84 107 4.55037 14492.4 10648
22 601 2700 5190 9014 13586 18672 24354 30177 36331 39643 44497 48128 51468 54718 56550 55156 54993 54731 50673 47857 46096 42169 38465 35355 32678 29117 25050 20820 17733 15112 12461 10160 8389 6543 5096 4190 3671 3251 2223 1661 1523 1117 700 569 450 337 255 233 181 133 4.25421 14537 10648
19 771 3799 6914 11210 17645 24370 31831 39033 44115 50768 54984 60107 61534 62055 62788 59618 56788 55185 50819 45486 41270 35123 31881 27231 24325 20221 17014 13713 11567 9405 7431 5907 4899 3903 2674 1960 1571 1232 969 694 558 368 297 240 180 105 43 21 29 129 4.73485 14556.4 10648
21 854 3448 7197 12381 18540 24795 32267 40003 46666 50884 56956 60876 60231 61380 60892 59212 58094 54039 48426 44654 40059 35944 31561 26725 23447 20398 16443 13950 10974 9261 7389 6087 5186 3793 3144 2165 1715 1351 810 589 482 396 342 254 147 71 75 52 54 119 4.7735 14549.7 10648
26 641 2054 4673 7729 12722 18736 23973 29408 35001 39171 43973 47372 51861 53280 54497 57179 56133 54389 51861 47579 46384 43578 39539 35365 30094 27352 24501 22338 19277 15907 13275 11133 8917 7805 6411 4873 4068 3156 2382 1713 1177 917 497 550 427 288 273 155 79 113 4.23044 14628.8 10648
24 652 2096 4585 8591 12997 18445 24476 29480 35036 39935 42861 46310 49562 51809 55410 55535 55322 54029 51287 49424 45594 41771 40655 36755 31257 28684 25646 21584 18695 15925 13312 10749 9430 7927 7015 5304 3496 3035 2337 1902 1601 1172 767 619 471 378 309 256 162 127 4.2093 14605.8 10648
45 974 2914 5960 10618 16072 22198 29601 37253 42479 48381 52835 55938 57635 58993 59621 58002 55702 52701 50696 47813 44600 40793 35848 30989 26156 23592 18963 15409 12499 10792 8696 6660 5480 4168 3351 2650 1849 1645 1162 717 608 435 403 270 168 115 119 34 75 123 4.59305 14613.4 10648
40 791 3107 6542 11945 16538 23809 29677 35780 43170 47230 53485 55841 58593 60600 59253 58778 57249 54253 51446 47949 43423 39311 34186 29869 25796 21754 18004 14514 12789 10348 8053 6718 5743 4460 3361 2264 1960 1579 1207 946 722 546 379 211 198 65 61 91 43 123 4.6346 14593.8 10648
33 787 2526 5818 10702 15472 20797 28350 33747 40315 47222 51276 53474 56420 57810 59892 59432 55970 51924 50995 47363 43692 39875 36183 32625 28430 24180 20614 17189 14613 11871 10105 7753 6645 5054 3816 3158 2183 1636 1504 921 835 527 326 154 142 182 61 45 48 106 4.48282 14520.5 10648
15 625 2577 5246 9538 14530 20805 26295 31948 37990 41642 47218 50495 53815 55983 56213 55703 53894 52801 50600 47402 44449 41272 36920 33495 29636 26578 24656 20768 18007 14604 11463 10075 8279 6441 4597 4102 3466 2681 1928 1522 1010 822 742 567 459 285 186 180 134 143 4.34654 14700 10648
29 688 2967 6182 10719 17438 22469 30232 34851 40204 46018 50775 54576 57852 58754 59838 58457 57710 54261 50856 47586 43431 39751 34343 30623 26497 22783 18956 16486 14155 11620 9961 7800 6293 4664 3820 3100 2286 1682 1063 838 639 530 287 250 161 92 53 34 26 114 4.55418 14671.1 10648
28 564 2595 5467 10152 15068 20128 26455 32195 37287 42688 46620 50052 54963 56022 56709 56269 56301 54465 53366 49272 46281 41308 37974 33581 29511 25713 21681 18760 15367 13125 11633 9502 7647 6110 4883 3968 2814 2054 1623 1258 816 683 487 452 273 121 103 129 138 141 4.40121 14719.6 10648
14 662 3109 6352 11211 16760 22475 29174 34885 40375 46325 49602 54453 56918 55714 57116 55974 57564 55596 54936 48320 44096 40294 36899 32711 27564 23172 19778 16525 13959 11672 8848 6984 5737 4378 3635 2712 2072 1561 1299 998 724 552 332 188 186 87 94 70 32 106 4.54372 14677.7 10648
83 910 3210 6527 11223 17550 23778 31052 37741 42372 49540 53989 57166 57012 58869 60193 59347 57969 55292 51308 46851 41660 37818 34402 29501 24427 21293 17608 14764 12496 10142 8027 6155 5007 4168 3688 2673 2044 1908 1231 984 830 637 359 238 240 157 105 70 75 113 4.67984 14741.5 10648
9 686 2730 5804 9999 15979 21987 27062 34492 39592 45650 50456 53553 58100 59513 59337 57427 56326 53983 51024 49255 45153 40459 35990 32268 28528 23569 20184 17050 13327 11597 9640 7350 5549 4423 3611 3014 2431 1935 1415 979 848 696 471 291 204 245 156 201 102 150 4.51337 14657.3 10648
22 661 2641 6047 10494 15572 19847 25110 32436 37587 42110 45820 50463 54978 57736 56723 56661 56273 55775 53345 48310 43732 41668 39136 32979 29372 25559 22047 18370 16091 13119 11111 9360 7390 5776 4817 3751 2687 2052 1691 1280 866 975 681 376 366 307 257 144 106 125 4.40002 14728.5 10648
17 643 2913 6329 10330 15404 22182 27595 34741 38728 43959 47753 49768 53720 55479 55659 56420 56159 53119 50980 48080 44795 41141 37965 33409 29441 25197 21698 18807 15358 12704 10811 9441 7147 5767 5473 3780 2839 1966 1725 1445 1173 899 694 334 238 106 214 75 56 124 4.41236 14693.5 10648
30 593 2378 6021 9620 14788 21298 27775 34593 39145 45360 50320 54373 56627 57209 58894 57302 55337 56099 52840 48498 45296 40628 36149 32107 27559 23796 19548 17021 14491 12166 10483 8677 6420 4817 3908 3086 2286 1867 1348 1033 900 693 419 320 274 98 65 82 46 119 4.50214 14751.9 10648
18 609 2581 5399 10542 16095 22199 29518 36045 40338 45988 50759 52691 56317 58421 57592 59122 58773 55626 52297 49582 43935 39566 34996 31639 27653 23349 20243 17268 13871 11407 10183 7499 5391 4449 3160 2701 1871 1264 1065 745 577 416 279 250 158 89 87 46 20 111 4.55014 14680.7 10648
34 878 3226 7141 11721 18305 25567 33606 38874 45653 49346 55108 57587 60477 62693 61078 60952 59278 53669 50054 46275 41016 36766 32735 28208 25382 20282 16561 13967 11370 8521 6908 5905 4109 3098 2472 1546 1178 993 740 508 201 254 155 81 78 46 53 14 18 113 4.76401 14675.7 10648
37 779 2923 6918 11455 17156 24415 29179 36560 43325 47535 54370 54674 57797 59473 60045 59246 57574 54708 51847 47376 42353 38381 33200 29528 25968 21959 18915 15889 13170 10790 8690 6660 5299 4249 3228 2669 1757 1380 983 721 552 343 236 172 48 53 45 41 18 107 4.64649 14722.7 10648
32 673 2740 6601 11296 17025 23599 29230 36134 41442 47005 52728 55355 57722 58270 57202 55543 55469 54229 51312 47744 43918 38786 34251 29785 26636 22332 19812 16811 14095 11803 9374 7528 5774 5244 4500 3154 2226 1926 1410 1107 917 568 414 356 248 128 65 109 53 119 4.58519 14760.8 10648
26 701 2935 5676 9117 14375 19393 25708 32056 38143 42406 47480 51993 53014 55842 54806 55615 55328 53969 51044 49317 46346 41695 37798 33692 28002 26451 23506 20968 16107 14020 11477 9281 8004 6119 5026 4300 3434 2615 2031 1534 964 729 610 369 222 147 99 94 92 123 4.35833 14673 10648
23 869 2551 5875 10075 14711 20318 26637 32877 37863 42619 46437 50910 55385 56110 56731 57202 55426 53805 51545 48398 44998 42239 37920 33995 29671 25824 22534 18479 15602 13143 10703 9049 7697 6191 4771 3844 2836 2454 2003 1148 846 625 489 390 236 211 150 128 132 124 4.39772 14710 10648
50 943 2498 5907 9792 15206 21504 26875 33223 38904 43671 48747 51659 54759 56483 57478 57978 57139 53003 51371 47734 44529 40373 36193 31176 28291 25891 22434 18515 15735 13312 11049 9011 7267 5740 4555 4005 2874 2288 1675 1258 913 675 508 477 287 233 208 137 132 134 4.42914 14745 10648
52 859 2363 5614 9640 14705 20497 25749 32097 37157 42986 48283 50970 53329 56269 57093 57250 55967 53714 51828 47837 45079 41094 37369 33129 29816 25727 22725 19306 16556 13178 11302 9398 7924 6324 4958 4023 3055 2497 1790 1344 1199 714 554 477 357 254 135 68 52 138 4.37711 14628 10648
12 586 2208 5432 10386 14697 20422 26517 32373 37645 43764 50199 53243 54635 56435 57091 56000 53928 52791 51027 46567 43405 40380 37568 33684 28837 26246 23639 19322 16344 14194 11860 9179 7619 6076 5030 3715 2936 2165 1750 1326 939 853 512 348 258 218 136 115 61 127 4.40361 14664.9 10648
28 712 3496 8084 12378 17978 24165 31734 38587 44336 50725 55093 56957 60018 59757 60224 58339 56166 53612 50326 48289 42848 38845 33974 29019 24590 20042 17089 14199 11832 8473 7075 5728 5012 3972 3104 2220 1783 1234 839 573 458 264 179 82 71 71 49 40 22 109 4.72699 14757.5 10648
26 587 2468 5876 10516 15699 22724 28081 33848 39739 44338 51262 53197 56627 58293 57411 58253 56617 54432 50681 46071 43688 40561 36391 32239 27253 24266 20665 17429 14360 11829 10381 8612 7230 5886 4546 3299 2523 1752 1259 989 733 511 411 377 284 149 120 119 76 118 4.50487 14727.7 10648
25 876 2857 6326 10639 16216 23192 27839 33818 40874 44854 49579 52922 55076 57443 57841 57020 57184 53336 51525 48150 44159 41048 36309 32128 27903 23515 20573 17641 14610 12014 10305 7973 6798 5525 4033 3452 2467 1942 1250 969 756 556 422 279 189 75 78 65 61 115 4.51457 14772.7 10648
38 688 2784 6334 10584 15855 22496 28516 33042 41049 45663 49455 53842 55468 55174 57421 57877 57412 53872 51467 51297 45852 40299 35219 33390 28066 24299 20721 17702 14498 11164 9006 7421 5946 4914 3937 3201 2270 1955 1287 913 645 559 370 235 203 132 72 25 32 134 4.52117 14730.3 10648
30 718 2567 6918 11682 17209 24326 30581 36444 43511 49100 52638 56520 57570 60489 60323 59868 57286 52973 48969 46123 43477 38346 35199 30125 26119 21623 18475 15587 12923 10421 8161 6676 5572 3800 3211 2386 1844 1202 1244 903 419 343 327 166 103 67 49 35 42 111 4.65235 14723.8 10648
17 671 2731 5770 10566 15971 21879 28721 35101 41017 46163 50662 53759 56982 57571 59725 57082 55901 53860 50770 45865 42588 39872 36227 32422 28477 24929 21491 17603 14221 11506 9831 8184 6465 4911 3750 2816 2245 1790 1171 878 710 586 495 284 178 139 81 28 33 106 4.51649 14684.5 10648
20 766 2102 4924 8133 12901 17261 22336 27695 32434 38824 42955 46448 50880 53874 54178 53742 52062 51148 50113 48752 47745 43975 40554 37393 32801 29552 26237 23040 20236 17022 14843 12093 10188 7926 6347 4689 4175 3272 2723 2075 1667 1361 940 649 647 470 217 130 129 156 4.17229 14664.9 10648
14 659 2790 5745 10421 14818 20871 28029 34835 41241 45708 50944 52709 54365 55611 56008 56498 55871 54330 51371 48481 44644 40506 36349 32977 28655 24089 21159 17979 15297 12821 10292 8502 6726 5305 4087 3310 2541 2093 1576 1252 1052 725 548 326 217 169 97 52 27 107 4.46376 14662.7 10648
49 973 3556 7956 12927 19406 26850 32348 39215 45953 53224 56743 59061 61783 62045 61170 59960 58303 54015 49621 44381 40641 35732 31843 26573 22593 18912 15767 13360 10766 8991 7122 5553 4384 4008 2674 1807 1377 962 656 380 354 311 131 79 44 57 23 19 30 112 4.79137 14584.9 10648
27 1007 4655 10963 18671 27127 34469 43345 50633 58679 61585 65373 68065 68184 69267 64779 63472 57421 49984 44251 37979 33499 27744 22693 18306 14709 11443 8762 7247 5625 4241 3088 2158 1786 1207 812 448 255 154 164 110 84 60 48 51 17 20 13 6 11 102 5.36709 14678.1 10648
51 905 3792 6941 11968 18230 24773 31211 37808 42817 48022 52363 57416 58308 60351 61675 60697 57287 52039 49970 46961 40855 36279 32901 30486 25323 21636 18026 15909 12796 9864 8299 6913 5480 4152 3752 2097 1517 1181 976 666 581 458 275 194 160 141 98 51 34 115 4.66458 14734.9 10648
10 928 3423 6852 12108 17586 23385 30634 36870 44018 50038 53732 57334 59760 60585 60394 58566 56985 53778 49832 46202 42023 36798 33001 29258 26918 21536 18047 15179 12603 10373 7608 6929 4847 4034 3197 2397 1628 1400 1151 765 608 417 264 257 127 117 53 72 38 136 4.65814 14667.2 10648
26 1096 3794 8298 14399 20417 27741 33268 40631 48167 52529 57694 61151 61362 61392 62939 59590 57921 53519 49316 44987 39655 35627 31099 26451 22024 19229 15319 11193 9731 7967 6978 4897 3558 2926 2204 1735 1088 778 567 462 334 275 116 84 111 11 10 15 15 105 4.84387 14577.6 10648
33 762 3389 6105 9995 15158 20464 25572 31407 37317 45292 47176 51805 55750 57235 58862 56366 55965 54490 52079 47965 44789 41647 36313 32594 28887 25763 21533 19194 15338 12928 10775 8996 7182 5923 4770 3999 3118 2233 1729 1348 945 497 332 262 128 102 86 62 29 112 4.40125 14550.2 10648
38 615 3091 5711 10209 14946 20783 27376 32722 38047 44931 48943 52970 56029 58465 58284 57813 57078 54151 51019 49249 45410 39318 35862 31331 27513 25248 20958 18259 14549 12417 10700 9247 6925 5543 4514 3513 2391 2252 1873 1282 729 694 458 353 268 243 136 111 101 132 4.44269 14574.3 10648
99 975 2926 6155 10619 16158 21843 26343 33414 40232 47066 50634 53548 54735 59060 59448 59214 56031 55347 51573 48066 45395 39793 34935 31560 28464 24130 20883 16940 14287 11848 9734 7510 5502 4331 3739 3422 2379 1859 1134 838 762 630 419 236 152 117 88 76 45 106 4.50099 14576.8 10648
4 649 2650 6163 10257 15926 22137 27759 35273 40158 44424 48962 51957 55775 56757 58083 58251 56680 54569 51917 47477 47105 41302 36670 30778 27019 23847 20237 17419 15235 13618 10513 8221 6205 5045 3646 2828 2197 1901 1219 959 859 605 505 366 200 158 63 113 30 110 4.47466 14577.3 10648
37 770 2791 6067 11613 16271 22745 30234 35664 41761 47003 51676 54095 58756 60612 61159 58800 56762 54432 51481 47573 43545 39225 33848 30656 27044 22949 19431 16306 13015 10704 8593 6636 5380 4564 3505 2393 1722 1564 1090 803 459 322 227 151 119 77 34 25 6 104 4.58761 14563.2 10648
26 779 2340 5908 9390 13938 19486 25133 30731 36074 41167 46395 48674 52606 53586 57158 56908 55866 53907 51648 49198 45523 42888 38960 34814 30838 26963 22891 20174 17332 14874 11992 9791 7893 6981 5288 4117 3262 2862 1779 1332 957 698 447 257 256 232 170 90 66 155 4.30702 14521.5 10648
9 718 2500 4942 9090 13487 19303 23774 29435 34006 37688 42370 46011 50181 53144 53986 53687 54480 54422 53161 49873 45670 43457 38177 35558 32561 28782 25233 21159 18737 16504 14408 12066 9975 7999 6207 4819 3925 3179 2350 1841 1559 1293 1044 745 497 299 159 144 75 111 4.19819 14588.5 10648
21 797 2405 5701 9983 14718 21298 26114 31347 37686 42514 47511 51183 52891 55725 58934 57053 54989 52837 50507 48688 46478 42297 37531 33432 29179 26190 23442 18991 16128 13614 11537 10097 7419 5841 4611 3725 2922 2079 1860 1212 1031 806 515 243 189 166 131 54 56 122 4.37967 14630.8 10648
11 473 2312 5362 9338 14769 20301 26518 29618 35299 40394 43457 49547 53462 54585 54657 55975 55158 53382 50266 48072 44780 41893 39423 34520 30669 27637 24669 21613 17762 15180 12432 9855 8316 6995 5752 4989 3581 2856 2317 1686 1328 911 841 554 378 294 189 188 119 117 4.27082 14530.4 10648
52 872 3437 7073 13049 18866 25281 32053 38890 45444 50597 55134 59668 60142 60310 61970 61555 56898 52419 50117 45843 41674 37724 32328 29208 24018 20732 16105 13492 10667 9554 7506 5725 4240 3190 2162 1636 1337 1003 742 548 436 262 272 160 104 99 51 37 12 106 4.75806 14624.6 10648
22 717 2420 5581 9909 15015 19730 23943 28962 34897 41730 46569 49683 50847 54467 53662 54603 54475 52195 50912 49902 46402 42108 38496 35016 29610 27518 24072 20797 18276 15555 13095 10494 9152 7128 5360 3871 3879 3033 2507 2083 1669 1169 896 714 594 419 257 168 83 139 4.24957 14564.4 10648
25 831 2939 5606 10058 14826 19786 26838 32432 36678 42521 48244 51069 54520 55914 57276 55950 55294 53881 50097 48437 45204 41347 37268 33741 30339 26595 22728 19207 16522 13320 10855 9202 7843 6266 4827 4056 3092 2501 1985 1234 825 674 494 520 253 226 175 113 45 121 4.36167 14522.9 10648
57 1088 4298 8890 14716 23184 32664 39644 48369 54969 60635 63643 65644 66268 65487 63366 59919 57228 51769 46280 40478 35603 29999 25059 21144 17852 13962 11706 9135 7433 5714 4261 3484 2745 2200 1713 1128 764 580 479 353 284 194 130 75 43 15 19 19 10 101 5.15184 14457.3 10648
39 598 2256 5416 9641 15362 21172 26039 32311 39461 45068 47671 50997 53621 55569 57214 56440 57589 55434 50562 47361 44775 41260 38003 33706 30278 25806 21481 18422 15596 12995 10807 8768 6944 5659 4713 3606 3082 2589 1927 1345 875 659 412 380 330 232 73 76 66 116 4.37937 14449.1 10648
37 926 2816 6395 12183 19389 25589 31271 37869 43161 49019 53445 57675 59867 60509 58182 57165 56268 54464 50045 45929 42080 35847 32072 28812 25055 21714 18866 15387 11976 10148 8658 7126 5436 4523 3297 2741 2337 1483 1113 1064 701 654 417 235 230 181 140 99 84 120 4.63469 14454.1 10648
56 796 2758 6338 11021 16006 21641 28305 34632 40840 45565 49104 53610 57234 58081 60770 59504 56599 52441 49366 47003 43697 39991 36075 30865 27748 23531 20271 17791 14976 11731 9878 8108 6285 5150 4042 3035 2201 1823 1535 1191 891 732 437 271 234 244 185 66 33 113 4.4896 14478.7 10648
26 751 3239 6513 10694 15548 22902 29424 34464 41290 46524 50557 52942 57345 59726 59261 57651 55877 53559 52527 48981 44268 40711 36166 30747 27257 23283 20307 16364 13044 10642 9202 6912 5600 4553 4015 3051 2256 1859 1305 852 684 531 343 298 228 148 95 65 86 127 4.5226 14493.6 10648
37 599 2780 5553 9443 14196 19752 25367 29292 36994 42557 46811 51535 54500 55391 56115 56889 56883 55153 50095 48820 44731 41648 37421 34306 30589 26460 23505 19771 16134 14349 12151 9333 7216 5954 5046 4149 3269 2938 2044 1295 942 759 714 439 296 169 116 111 59 125 4.33306 14545.8 10648
43 657 2585 5595 9938 15056 20913 26915 31626 37195 42511 46024 50941 54858 57196 57184 56685 55354 54314 51399 48907 44773 40295 37076 33307 30508 25636 22498 19368 15739 13877 11385 9264 7876 6074 5068 3902 3156 2540 1834 1386 1034 710 537 354 232 181 84 77 25 108 4.35597 14478.9 10648
54 804 3083 6503 11190 16046 22450 27410 34055 38390 44504 51594 54746 57445 60033 58277 58472 57095 54200 51556 47198 43948 38943 34317 31292 27238 24615 20880 16990 14623 11363 9485 8335 6491 4747 4021 3225 2398 1980 1616 1101 664 494 287 218 167 43 38 36 26 113 4.48903 14516.3 10648
43 838 2781 6013 11141 16307 22579 28051 34926 40067 44767 50082 54506 57614 58156 57107 57505 57153 53443 50349 47677 43355 39049 35434 31936 28201 24494 20879 18041 14685 11860 9676 8071 6298 4979 4134 3090 2306 1806 1381 1028 705 654 475 284 226 185 137 91 98 140 4.47282 14471.2 10648
28 697 2874 5885 11483 17603 22368 29098 37110 41684 47095 53722 57065 59875 60995 60442 58962 57014 52910 50401 46480 43123 39408 33889 30129 25764 21563 18752 15842 13182 11371 8944 6844 5257 4020 3162 2313 1725 1368 1264 885 647 557 304 156 117 115 83 64 25 135 4.57164 14422.8 10648
18 527 2377 5041 8625 11552 16931 22570 27374 32620 36271 40524 45269 48786 51481 52531 54111 53924 53912 52298 47428 45510 42833 40221 36692 32990 30362 27012 22752 19709 17531 14929 13138 10996 8838 7406 6413 4930 4339 3040 2465 1893 1450 1373 1183 993 567 392 291 201 182 4.07688 14393.9 10648
29 641 2173 4438 8577 12449 16336 21818 27631 33538 38112 41299 45054 47072 49119 51961 53971 53092 52788 51527 48358 47534 45124 41990 38571 35133 32006 27573 23643 20563 17064 13694 11948 9958 8295 6887 5380 4437 3445 2799 2249 1623 1461 1055 622 605 368 332 205 136 116 4.0981 14434.8 10648
38 661 2475 5410 9722 14573 19143 25568 29964 36964 42743 45001 50638 52806 54209 55800 56916 54807 52463 50638 49825 45701 43065 38535 33960 31035 28143 24396 20328 16940 14524 12083 9686 7457 6557 5249 4000 3106 2277 1888 1322 1186 862 603 411 346 288 147 158 59 125 4.29589 14429.5 10648
45 895 2562 5825 10301 15380 21771 26996 32439 39955 43994 49742 53626 58103 58938 58143 59097 57245 53434 51240 47181 44607 39793 35966 31416 28403 25046 21623 18034 14392 12173 10136 8183 6451 4839 4223 3695 2879 1645 1004 1092 688 552 275 200 153 164 87 49 14 106 4.45962 14443.7 10648
35 711 2649 5555 11097 16077 20295 26255 33535 39306 42952 49069 53431 57111 57033 56188 56375 56100 55960 52601 46772 44769 40717 36431 33388 28121 24870 21874 18869 15293 12128 10199 8566 6805 5409 4299 3577 3019 2213 1674 1154 717 479 373 236 118 99 138 29 20 108 4.43132 14472.2 10648
43 667 2489 5621 9281 14371 18998 24513 31875 36648 41368 45503 51309 56427 58567 58133 57637 56128 51966 51337 48951 44789 40539 37258 35174 30311 25720 22623 20423 16648 14670 12075 9304 7864 5832 4499 3919 3087 2390 1715 1356 894 649 393 204 208 122 78 52 52 121 4.33622 14439.8 10648
16 799 2922 6132 10788 16006 22636 28433 35040 40234 46337 51049 56618 59158 58610 59924 59398 56844 54420 50017 45783 41799 38282 35077 31443 26968 22883 19805 16773 14181 11497 9474 8074 5999 4838 3894 3252 2431 1931 1530 1023 792 560 257 215 199 155 84 52 42 127 4.53962 14428.4 10648
34 732 2592 6254 11500 17129 23144 28966 34534 38902 44957 50456 54567 56296 57542 57509 58016 57848 54408 51941 47895 42920 40194 35077 31904 27737 24520 20283 16744 14311 11299 9582 7952 6285 5173 4063 3210 2069 1637 1315 895 627 607 358 239 252 68 51 49 38 120 4.48589 14401.7 10648
18 1025 3615 7077 11520 16224 21717 28037 34365 41753 46819 50785 52874 55515 56977 58293 58392 57381 55888 52959 48341 44548 39672 35182 30017 27698 24131 19530 16525 14297 11446 9051 7607 6278 4714 3397 2851 2181 1636 1317 893 685 551 304 241 156 94 49 41 23 110 4.52409 14466.5 10648
7 708 2517 5156 9548 14129 19951 26658 32877 37615 43505 45507 47335 52980 54814 55945 56655 55670 54374 52380 49828 45897 41958 37725 33276 30125 26901 23681 20396 17103 13774 11488 9587 7535 5839 5203 4127 2910 2557 1843 1526 982 635 403 292 273 123 130 165 62 125 4.32381 14451.9 10648
51 716 2920 5955 9957 15282 21339 27252 33911 39914 44464 49455 53720 55835 58784 58191 57914 55753 53180 51081 49874 44403 40516 35406 32273 29074 25046 20233 17056 14396 12622 10524 8738 7529 5619 4102 3085 2349 1806 1295 891 735 402 314 225 169 103 104 65 54 117 4.4307 14363.8 10648
16 566 2526 6287 10474 15760 20647 28155 32767 38109 42495 47011 52047 54236 58379 57513 59882 57244 54934 51134 47227 44288 40103 36197 33173 29202 25866 21822 18020 15436 13384 10658 8977 7256 5371 4009 3481 2735 1850 1500 960 916 601 424 297 245 110 124 106 149 130 4.40005 14434.6 10648
44 669 2389 5684 11022 15476 21215 27725 32314 38013 43422 48187 51402 55947 56974 57972 57276 55909 52999 50126 48806 46745 41064 37141 33077 28428 24155 21861 20290 16487 12929 10758 8622 6868 5223 4161 3302 2377 1894 1501 1120 861 725 454 397 250 147 116 80 77 118 4.39156 14366.5 10648
11 529 2403 5660 9689 14737 20306 25348 31329 36407 41889 47148 51506 53518 55950 55888 56433 55956 55143 52046 48631 45450 42702 38614 32992 29472 24988 23128 20776 17612 13990 11422 9596 7469 5785 4945 3828 3046 2167 1549 1351 883 688 551 367 330 221 112 74 36 128 4.33033 14386.8 10648
22 633 2938 6077 9544 14342 20840 25729 31177 36177 42629 47820 51838 54204 56258 58286 58050 57530 53619 52119 47821 44429 39540 36435 33347 29869 25990 22558 19151 16307 14001 11528 9481 7488 6102 4502 3803 3093 2422 1820 1397 1135 877 644 467 269 147 112 75 41 118 4.33783 14361.4 10648
29 860 2964 7410 12761 18172 24718 32266 39009 44621 51943 55924 58501 61264 60602 60030 60406 57245 55492 50853 44419 40491 35847 31965 28015 24762 20473 17886 13796 11431 9476 7424 6325 4575 3336 2750 1909 1363 1131 724 402 390 261 155 146 85 53 17 9 10 104 4.70753 14439.9 10648
25 846 3097 6657 11137 17838 23513 28883 36510 43858 50733 53757 57120 58280 58468 59151 58681 56472 53308 48805 45424 42180 37340 33723 28550 25752 21988 19042 15936 13649 11304 8596 7331 6014 4858 3893 2863 2257 1684 1335 1011 703 618 528 366 258 122 101 58 59 118 4.57506 14395.5 10648
18 844 3123 6869 11309 16131 21655 29404 35120 40546 47098 52846 55144 55887 56293 57040 57727 56355 54679 51650 48437 44535 38664 34910 30462 27601 23992 19874 16832 13895 11739 10157 7986 6014 4408 3625 2723 1968 1516 1456 1203 861 650 428 350 245 203 92 61 52 123 4.49635 14428.7 10648
61 927 2836 6343 11515 16611 23008 28315 36328 42916 48245 51442 53896 56272 57669 61245 58448 55585 51972 48316 47419 43858 39169 36507 31161 26964 23122 19049 15887 13896 11506 9568 7764 6201 4885 3984 2923 2083 1836 1393 1021 812 562 443 237 200 102 76 43 52 127 4.51862 14466.5 10648
25 887 3032 6848 11648 17702 23729 31785 40232 44275 49680 53966 55843 58890 58469 57942 56885 56206 53195 51326 47081 41527 38448 33768 28421 25326 21633 18540 15621 12844 10221 8450 6668 5256 4255 3429 2674 1868 1507 1168 1040 642 520 403 310 214 121 83 40 45 113 4.63713 14492.3 10648
17 680 3174 7214 12654 17626 24541 30314 37092 42299 48825 53924 57152 58570 59307 60200 59354 56878 53904 51635 47355 41267 38417 32886 30730 25665 21796 18088 15706 13222 10657 8181 5826 4712 4141 2970 2276 1649 972 908 560 457 305 147 75 50 80 69 117 41 115 4.62512 14456.4 10648
27 716 3165 6765 12610 17763 24248 32133 39259 44793 49223 53591 57364 57596 58438 59759 58454 57801 54438 50554 45854 43142 38051 34348 29252 25440 21186 17447 15020 12092 9958 7782 6556 5162 3995 3044 2284 1409 1095 747 524 419 305 300 151 111 117 107 50 46 109 4.64601 14436.8 10648
30 806 3191 6233 11690 16570 23040 28402 34702 42682 48696 52075 55703 57508 60600 60340 58961 56644 55736 51798 48599 42237 38691 34221 29508 25515 21795 18928 15954 13346 11220 9370 7093 5770 3992 3450 2786 1944 1365 1159 718 463 371 324 162 79 67 74 42 38 111 4.56991 14452.8 10648
26 564 2509 6237 10443 16297 21880 27588 33508 40346 45514 50059 54033 55536 58220 60645 57269 56399 55491 52930 49053 44503 40348 36176 31783 26362 23288 20338 16740 13850 12195 10199 8221 6150 4412 3535 3228 2514 2069 1487 1072 490 341 336 181 133 64 64 23 32 119 4.48769 14509.9 10648
42 1041 3256 6489 10860 16922 22826 29517 35449 40132 46680 52024 56989 58772 59952 60927 57890 56751 54089 50877 47463 41806 39270 34762 31940 27688 23650 18659 15737 13207 10275 8508 6744 5834 4477 3456 2481 1955 1490 984 859 447 413 282 192 219 214 98 42 50 114 4.55992 14478.2 10648
53 799 2721 5133 9250 14546 19214 26285 31894 37124 43487 48436 51997 54706 56121 57378 57009 55579 52769 51939 47305 44281 40160 38742 34854 29727 25568 22012 18612 16997 14404 11425 9215 7622 6116 5249 3841 3037 2346 1688 1437 1120 892 491 365 250 237 111 98 48 110 4.34508 14469.4 10648
57 789 3165 5812 10309 14517 21238 27781 34501 39756 44041 48576 54790 58241 57653 58506 59082 58011 55309 52477 49231 42986 39538 35688 31672 27359 23607 19175 16917 14039 12063 10171 8433 6694 4696 3989 3163 2753 2232 1476 1165 842 536 452 405 352 200 140 71 36 108 4.46102 14473.5 10648
27 783 3547 7648 12229 17639 24808 31787 38469 43255 48892 54363 58077 58872 60836 61161 58959 57115 54943 50269 46005 41618 37491 33824 28955 24785 20658 17584 14964 12648 9908 7651 5948 4221 3285 2709 2261 1943 1424 886 688 522 305 215 158 139 81 76 35 23 111 4.66363 14460.7 10648
33 838 3049 6954 10902 17515 23865 31462 36849 42847 47156 50553 55399 58911 59997 58559 57594 56326 53974 49511 46793 42721 40389 35498 31373 26490 21817 19329 15991 12961 10266 8351 6821 5373 4276 3552 2868 1933 1462 1139 869 547 442 348 235 162 137 108 86 59 108 4.5727 14451.8 10648
22 925 3456 7107 12067 18477 25852 33626 39872 45419 49945 53858 59178 61927 62230 62040 59702 56352 53140 49050 46150 41012 37455 33689 28916 24314 19647 16243 13557 10885 8389 6907 5351 4234 3089 2589 2196 1625 1174 767 633 535 342 184 222 120 69 72 44 33 111 4.73172 14446.8 10648
26 841 2825 6097 9908 15379 21977 28465 34242 39162 45338 50205 54312 55326 58699 57868 59026 56930 54149 50469 47461 43741 39435 36553 33478 28257 23693 20971 17952 14516 11760 10005 7697 5791 4898 4194 3040 2513 1914 1364 1037 798 544 490 438 424 168 167 127 20 110 4.455 14451.3 10648
63 1032 3903 7855 12951 19036 27539 35500 42008 47681 53509 56024 58820 60620 60908 61888 60299 56456 53964 49761 45096 39346 34775 30709 26205 22227 19074 16174 13470 10540 8448 6815 5062 4393 3163 2283 1986 1477 997 593 509 496 353 204 200 72 55 48 60 35 118 4.8193 14495.3 10648
35 1020 3467 8506 13608 19457 27388 34309 40841 48043 53580 60370 60569 62223 62706 63340 62828 59205 54540 49978 44586 39476 35216 30408 25261 22040 18053 14542 11189 8782 7215 5545 4029 3244 2376 1938 1315 988 837 538 420 200 123 82 35 35 39 35 49 58 132 4.8827 14418.6 10648
33 982 3439 7767 13853 19261 27098 35027 41992 51173 55419 58772 63388 64043 63939 64343 60610 57594 52869 49745 44954 40488 34436 29746 25579 20886 16518 13379 11476 9204 7056 5223 4036 3002 2095 1504 1116 764 565 454 283 287 93 66 30 31 47 13 10 9 103 4.91375 14426.1 10648
33 1177 3677 7507 12072 18967 26214 33254 38904 46173 52304 55385 57984 58403 61859 61128 59221 57012 52473 50620 47915 42620 38180 33380 27264 23163 20021 16294 13613 11098 8711 7042 5677 4571 3229 2234 1678 1171 794 506 413 296 158 62 78 63 62 21 11 8 102 4.73304 14379.9 10648
49 944 3144 7345 12318 17460 22133 28498 34752 42439 47568 50903 53304 57082 58846 59987 59220 57465 53994 51279 48397 42837 38260 33773 29966 27661 24424 19735 16669 13813 11177 9198 7527 5461 4440 3272 2400 1946 1309 1021 908 568 307 352 166 151 101 49 26 44 111 4.54371 14390 10648
13 687 2747 5863 11126 15082 20942 26210 32976 37550 42586 47689 52247 53734 55861 57534 56082 54153 54424 50582 48578 44424 39570 37117 34286 29731 26141 22998 20411 16309 13615 11172 9479 7275 5700 4387 3914 2916 2253 1645 1321 913 688 661 420 313 190 79 52 35 119 4.37409 14519.1 10648
31 788 2747 7136 12587 19328 26657 34842 41131 47128 52367 55295 58581 59494 61190 60730 60406 56408 54758 49851 45118 41933 35354 31255 27454 22405 19122 15837 13788 11354 9484 7451 5424 3986 3091 2584 1969 1514 1119 796 659 436 337 217 251 137 77 52 16 15 109 4.77681 14531.7 10648
14 887 3244 6710 11816 18021 24851 31056 37625 45115 49062 52224 54576 58511 58990 59290 58946 56953 55007 51540 47891 42832 38304 33134 29458 24893 21436 16866 14532 11941 9812 8121 7034 5810 4240 3317 2802 2071 1489 1119 899 745 516 392 247 147 110 67 29 7 101 4.64237 14525.1 10648
14 609 2034 5057 9590 14361 19813 23321 30554 36081 42067 46078 49321 53837 56473 56504 56362 54534 53660 51209 49330 46099 42029 37735 33842 29723 27159 22868 19827 16882 14282 12185 10204 8199 6914 5518 4586 3922 2803 2245 1880 1385 1170 834 620 304 285 209 94 56 131 4.27846 14469.8 10648
37 991 3656 7421 12757 19872 26564 33373 41239 46812 53141 56873 61107 63279 62798 62494 58846 56413 53329 49489 44174 39211 34096 29840 26495 22731 18281 15687 13170 10524 8739 6769 5464 4359 3612 2776 2299 1698 1193 808 689 467 379 221 184 116 47 77 75 22 105 4.80847 14471.5 10648
13 684 3182 6527 11374 17669 23090 28227 34642 38667 45226 49131 53062 55741 58255 57388 57866 55850 54729 52246 47105 42906 38013 35213 32278 27480 24374 20767 17540 14699 12306 9863 8234 6478 5052 4132 3809 2883 2282 1606 1092 873 622 521 330 177 111 150 94 110 130 4.47759 14498.9 10648
13 744 2792 5730 9973 15247 19585 23694 29760 36001 41187 47069 49976 53555 56403 56596 56571 55935 55773 51564 48690 45621 41797 36220 32473 29158 26419 23186 20113 17478 15018 12494 9844 7848 6651 5353 4457 3449 2618 1887 1489 1169 831 735 491 323 302 220 95 70 134 4.29614 14445.3 10648
33 998 3597 7491 12470 18571 24980 32086 38793 43825 51743 53485 59301 60975 61178 61568 60568 57989 53793 50026 45636 39868 35336 31660 27801 23588 20645 17683 14534 11585 9825 7548 5895 5003 3857 2963 2115 1510 1137 766 686 476 371 251 199 87 80 53 27 27 120 4.71322 14423.2 10648
36 744 3260 6343 11552 17368 25414 31924 39423 44623 50002 53886 57637 61402 63861 61715 59897 55546 52092 49506 45412 42230 37000 32052 28696 25453 21343 17572 14809 12454 9632 7342 6255 4791 3446 2771 1838 1648 1162 789 502 469 262 188 150 93 42 22 19 18 110 4.68871 14505.1 10648
26 516 1990 5213 9599 14552 18318 24325 30292 35245 40411 46105 50510 54243 55409 57512 57509 55681 54865 50822 48296 45104 41869 38507 34291 30527 26442 23091 20078 17870 14150 12046 10349 8220 6417 5464 4755 3610 2468 1780 1344 1223 1029 763 565 433 279 223 214 98 151 4.29035 14522.1 10648
50 766 2920 6378 11187 17411 23362 29941 37327 43049 49201 52542 56273 58257 61419 61581 60327 56678 53174 51038 46375 43235 37528 33339 29317 26073 21762 18387 15136 12291 10652 8531 7012 5213 3779 3090 2254 1951 1415 1029 789 731 645 415 244 245 153 81 95 31 120 4.60889 14393.4 10648
19 757 3025 6818 11353 16547 22316 28850 36298 42650 47890 52068 54905 57131 59190 59948 59720 58613 54978 52017 48221 44490 39317 34364 30746 24873 21691 18234 16365 13761 10436 8825 6836 5514 4261 3156 2460 1767 990 865 765 421 313 329 264 171 84 57 15 10 107 4.56469 14390.8 10648
29 851 3300 7988 13292 19328 25554 33457 41560 47477 53668 58663 61384 64227 61823 60794 57706 56428 54477 51022 46423 41469 35350 30441 25842 22664 19280 15227 12478 9719 8098 6181 4622 3782 3134 2218 1521 1029 612 485 322 193 163 119 68 73 59 42 48 8 102 4.83483 14481.6 10648
43 741 2683 5467 9345 13891 19689 25038 31000 36890 41601 46065 50231 53303 56194 55530 53508 52932 52674 51174 48259 46379 43097 38745 35951 31184 27122 23482 20247 18515 15517 12358 9869 7878 6453 5162 4372 3073 2415 1823 1364 836 705 437 397 389 258 137 157 97 123 4.30145 14524.2 10648
53 733 2688 5499 8846 13672 18255 25018 30774 36945 42857 46427 48974 52288 54616 56575 55490 55700 53203 50984 47963 45754 42255 39448 35134 30987 26664 23918 20717 18119 15461 12136 10221 7838 6499 5498 4143 3154 2441 1878 1345 1093 756 653 362 197 180 191 68 17 113 4.29138 14468.7 10648
30 820 3095 6671 11121 16598 22153 28417 34269 41181 46968 51762 57746 57799 59253 59958 58835 57734 53723 50215 47102 42830 38549 34260 31045 27119 23498 19817 16574 14529 11780 9191 7075 5796 4542 3060 2750 1821 1296 909 764 556 427 315 155 135 214 126 52 28 137 4.53938 14428.3 10648
27 869 3606 8346 13353 20602 28842 35306 43993 49567 55278 58235 62092 62826 64850 61978 59174 55169 53231 48331 43320 38584 33543 28793 25171 20762 17779 15126 12260 9448 7996 5933 4335 3544 3087 2317 1821 1298 1240 870 603 370 243 237 134 61 64 65 10 8 102 4.89338 14443.1 10648
35 680 2774 6069 11621 18333 23250 29186 35228 41697 49196 54301 57227 60963 60052 58081 57447 57091 53506 50775 45417 43269 37339 33160 29278 25997 22449 19221 15849 13075 10986 8748 7418 5732 4567 4027 2771 2292 1509 1118 824 625 475 302 187 182 139 76 46 84 125 4.57033 14379.8 10648
53 954 3075 6124 11215 16173 21546 28006 33235 39993 46908 52828 56388 59200 60270 58695 57613 57225 53781 50560 46958 43243 38855 33888 30595 27131 22809 19961 16738 13903 11514 9697 7786 6025 4867 4009 3016 2505 2203 1435 967 791 541 376 308 235 132 78 132 113 147 4.48418 14322.6 10648
26 743 3160 6969 11884 17909 24183 30832 37420 42203 49075 54637 59104 59939 59727 61018 59116 58307 55580 51164 46002 40624 36984 33011 27986 24634 21422 17398 14347 12194 10614 8081 6701 4964 3959 3137 2543 1818 1354 937 833 586 461 338 299 192 120 78 66 18 104 4.6338 14368.3 10648
39 1323 3724 8699 14663 21331 28510 36056 42565 49417 55548 61657 64129 65870 65886 63709 60145 57240 53727 49115 44012 38629 32044 28255 24364 20242 16396 13235 10294 8043 6200 5670 4115 2911 2155 1545 976 778 348 320 285 181 131 68 53 24 47 12 9 3 101 4.96459 14428.6 10648
30 1086 3563 7626 13173 17913 23605 31207 39281 47187 51477 55915 59687 61236 61600 63207 61934 58468 54201 51631 46163 41631 34616 32469 27773 22942 19053 15417 13070 10433 8890 6834 5509 4211 3145 2192 1551 1364 954 760 473 330 302 202 147 86 35 63 33 17 108 4.76228 14463.6 10648
10 729 3340 6919 11184 15539 20471 27318 33217 39419 44611 48267 52358 56149 57425 56487 57759 56643 55496 53152 49785 45500 41719 36112 32206 29235 24434 21153 17751 14689 12429 10143 7800 6333 4401 3434 2984 1921 1518 1123 848 624 467 292 334 254 172 169 219 122 136 4.44761 14394.9 10648
23 633 2633 5507 10318 15835 21628 28966 33582 38505 42874 47506 49567 53244 55450 55064 55562 54015 52685 51980 49869 45651 40273 37311 35254 31101 26919 22529 19486 16565 13095 10922 8777 6960 5433 4403 3564 2737 2100 1528 1234 1127 736 436 351 252 122 125 170 57 137 4.35463 14338.4 10648
34 747 2908 5427 10426 14971 20278 27024 32905 36869 42235 47650 51875 54001 55201 55449 57303 54968 53391 51993 49712 45241 41822 38730 34920 29865 26490 22559 18484 15404 14057 10752 9013 7362 5814 4455 3306 2665 1993 1751 1368 1045 701 378 323 213 148 157 103 159 159 4.35681 14400.8 10648
23 779 2719 6191 10393 15741 22397 27546 34050 37727 43439 49491 52879 55757 56477 56235 56287 55335 52498 52087 48025 45073 41246 38543 34436 29231 25223 21250 18095 15413 12181 10022 8179 6617 5367 4025 3459 2575 1941 1555 1080 717 634 592 381 305 156 148 79 59 142 4.41357 14431.6 10648
33 796 2453 5666 10504 15952 21425 28082 34211 39170 43784 49156 53093 56359 55673 56861 56920 54668 53123 51057 48636 45150 39928 37599 33234 28628 24194 19942 17811 15269 13162 10715 8443 6697 5253 5086 4238 3012 2366 1717 1243 871 692 696 444 288 191 124 36 37 114 4.39345 14379.5 10648
31 822 3040 7048 11793 16680 24034 29611 35509 41890 46891 51170 55116 58046 58984 58919 58355 56508 54432 51176 47374 42399 38123 33749 30695 26142 22912 19346 16663 13543 10913 8706 7514 5863 4923 3966 3130 2388 1788 1233 985 758 591 390 273 93 66 59 20 32 109 4.54212 14378.2 10648
30 825 2909 6483 10903 15357 20484 26232 32226 38240 43535 46971 52282 55277 54312 54181 55515 56017 54354 51726 48184 45313 41293 38087 33946 29978 26495 22174 18906 16025 13229 10982 8970 7310 5825 4609 3674 3325 2130 1511 1224 1112 872 720 339 204 136 146 66 49 107 4.37025 14417.6 10648
40 1038 3091 7841 12786 17691 23826 31189 37363 41089 48558 52947 55764 59506 60625 59697 58592 58743 54671 50099 46763 43142 39097 34002 30385 25861 20312 17145 14734 12559 10249 8188 6298 5242 3917 2980 2179 1741 1411 1048 566 478 419 325 154 126 75 76 45 16 108 4.6104 14371.7 10648
40 1010 3888 7846 12982 19434 25352 32735 39669 46013 52314 53986 57048 61732 62825 63569 60314 57377 53379 48199 44906 39246 35846 31513 27614 23377 19749 15674 13434 11455 9497 7715 6379 4440 3364 2881 2129 1587 1248 827 568 372 263 254 181 151 191 57 37 31 102 4.71756 14271.6 10648
37 945 3687 7355 12122 19196 25219 30217 36934 42813 48824 54934 57179 61393 61283 61346 60001 58868 55031 50266 48097 43102 38900 33503 28402 23468 20122 16946 14246 11036 8530 6639 5550 4470 3740 2588 1918 1445 1298 983 648 468 305 239 148 65 65 64 54 10 101 4.68269 14403.8 10648
40 870 2939 6195 9788 14917 20283 26175 31099 38153 42069 46382 51149 55164 55586 55411 56839 55862 53433 51441 49038 46166 42620 38706 33219 29322 25227 22224 18963 15922 13250 11712 9587 7635 5994 4588 3887 3568 2671 1704 1359 949 541 474 342 370 302 220 159 144 143 4.33777 14391 10648
29 940 3475 7792 12651 19000 25640 31897 38823 45845 50935 55364 60882 63718 62213 62640 59313 57222 54458 52009 46261 41902 36713 31615 28251 22148 18685 15852 13082 10092 7797 5898 5351 4151 3110 2426 1918 1313 894 582 364 273 261 261 113 170 82 80 80 85 144 4.75363 14395.4 10648
35 894 3130 7285 11343 17120 22622 28574 34612 40983 47050 53419 54663 56291 57447 58262 59152 57914 53808 50266 47057 43795 40034 35919 31978 27464 22937 18948 16007 13706 11601 9547 6987 5366 4288 3365 2564 2074 1718 1121 835 729 471 323 337 229 178 151 75 18 108 4.52656 14428.7 10648
89 716 2990 6725 11319 16440 23055 29420 35800 42078 47493 52615 55835 56868 57685 57627 57175 57062 54083 49911 46781 42640 40139 35915 31671 27157 23725 19271 16122 13545 11001 9222 7258 5575 4244 3520 2874 2327 1846 1396 877 860 603 437 330 154 55 59 44 52 113 4.52232 14403.4 10648
30 928 2745 6853 10932 16195 21418 28111 35365 40397 45324 50372 54951 57165 61052 59247 59548 56756 54385 51246 46679 42401 38583 34915 31204 27161 22832 19359 16622 13807 11281 9599 8305 6390 5335 3950 3334 2612 1918 1621 1172 983 572 314 246 227 97 49 72 28 113 4.48636 14326.4 10648
20 766 2769 5580 9429 14193 18649 24825 29433 34907 39382 45311 49942 53128 54139 55250 56129 56798 54046 51199 49129 44583 43042 39006 35061 31882 26920 23615 19829 17037 14934 12616 10967 8460 6905 5509 4095 3647 3032 2497 1995 1510 843 623 432 234 103 184 57 38 120 4.24716 14380.1 10648
4 561 2581 6067 9767 15251 20895 25956 31123 37180 42132 46935 50766 53190 55629 57729 56718 56063 56269 52051 50636 45987 41595 36501 32442 30297 25415 22398 19160 16466 14241 11280 9313 6833 5430 4417 3433 2626 2341 1851 1669 1058 876 540 400 260 118 105 79 50 116 4.33908 14334.3 10648
29 675 2871 5781 10375 14855 19466 23715 29309 34998 41222 45921 48755 50186 53361 56682 55780 53710 52747 51215 49796 47220 43765 39168 34746 30821 27720 24561 20669 17007 14874 12508 10159 8568 6365 5723 4125 3478 2702 2234 1873 1495 1019 749 575 265 349 274 87 94 157 4.24751 14400.2 10648
35 702 3011 5676 9933 14366 21321 26646 33181 38196 44848 48434 52636 54336 55843 57866 57844 58281 51967 49464 49465 45360 40245 35844 33080 28915 25678 22273 18839 16556 13539 11294 8772 6919 5316 4189 3154 2592 1899 1830 1297 968 710 532 262 186 200 75 51 47 128 4.38266 14383.2 10648
39 710 2768 5862 10239 15234 20576 25226 29669 36186 41657 45937 50813 54584 55670 56094 57133 55467 53904 51855 48637 45154 40917 37965 34091 29524 26290 22752 20409 17198 14091 11268 9795 8081 6467 4762 4219 3513 2576 2146 1289 1124 871 578 401 281 280 185 122 64 127 4.29185 14283.8 10648
